Date,Client Type,Future Index Long,Future Index Short,Future Stock Long,Future Stock Short,Option Index Call Long,Option Index Put Long,Option Index Call Short,Option Index Put Short,Option Stock Call Long,Option Stock Put Long,Option Stock Call Short,Option Stock Put Short,Total Long Contracts,Total Short Contracts,Index Future Net,Index Call Net,Index Put Net,Index Net Long,Stock Future Net,Stock Call Net,Stock Put Net,Stock Net Long
01-01-2020,Client,115250,125282,733122,202664,730997,564667,697604,736946,165422,71679,131212,102785,2381137,1996493,-10032,33393,-172279,195640,530458,34210,-31106,595774
01-01-2020,DII,42823,33078,16306,1097093,4317,65841,0,0,0,0,534,0,129287,1130705,9745,4317,65841,-51779,-1080787,-534,0,-1081321
01-01-2020,FII,65820,50978,959994,463652,162126,226473,59442,79978,8550,11303,8636,8336,1434266,671022,14842,102684,146495,-28969,496342,-86,2967,493289
01-01-2020,Pro,17200,31755,134303,80316,146371,179624,286765,219681,41268,58046,74858,29907,576812,723282,-14555,-140394,-40057,-114892,53987,-33590,28139,-7742
01-01-2020,TOTAL,241093,241093,1843725,1843725,1043811,1036605,1043811,1036605,215240,141028,215240,141028,4521502,4521502,0,0,0,0,0,0,0,0
01-01-2021,Client,112492,128170,670883,165661,656331,766582,637370,855860,282490,88900,176789,142214,2577678,2106064,-15678,18961,-89278,92561,505222,105701,-53314,664237
01-01-2021,DII,1960,46862,16334,755539,367,13561,0,0,267,0,0,0,32489,802401,-44902,367,13561,-58096,-739205,267,0,-738938
01-01-2021,FII,99869,32936,660873,511176,150536,197426,114868,128670,11339,15574,24371,16784,1135617,828805,66933,35668,68756,33845,149697,-13032,-1210,137875
01-01-2021,Pro,20767,27120,151469,67183,218411,236415,273407,229454,59300,98379,152236,43855,784741,793255,-6353,-54996,6961,-68310,84286,-92936,54524,-63174
01-01-2021,TOTAL,235088,235088,1499559,1499559,1025645,1213984,1025645,1213984,353396,202853,353396,202853,4530525,4530525,0,0,0,0,0,0,0,0
01-02-2021,Client,118750,114986,705152,148585,652377,1076475,661655,1053837,340559,120311,213944,166496,3013624,2359503,3764,-9278,22638,-28152,556567,126615,-46185,729367
01-02-2021,DII,6801,36877,16409,809060,267,12483,0,0,0,0,631,0,35960,846568,-30076,267,12483,-42292,-792651,-631,0,-793282
01-02-2021,FII,85068,28901,671069,506054,228861,308362,201004,213283,21983,20593,36853,23322,1335936,1009417,56167,27857,95079,-11055,165015,-14870,-2729,152874
01-02-2021,Pro,13341,43196,144341,73272,266958,310932,285804,441132,68316,110074,179430,61160,913962,1083994,-29855,-18846,-130200,81499,71069,-111114,48914,-88959
01-02-2021,TOTAL,223960,223960,1536971,1536971,1148463,1708252,1148463,1708252,430858,250978,430858,250978,5299482,5299482,0,0,0,0,0,0,0,0
01-03-2021,Client,126331,133088,750893,149883,1022372,790647,964795,919882,413946,117858,248311,196448,3222047,2612407,-6757,57577,-129235,180055,601010,165635,-78590,845235
01-03-2021,DII,584,34291,23298,827409,267,12740,0,0,0,0,7394,0,36889,869094,-33707,267,12740,-46180,-804111,-7394,0,-811505
01-03-2021,FII,82434,40107,645420,540143,198308,291494,147444,157139,24749,24771,33407,24273,1267176,942513,42327,50864,134355,-41164,105277,-8658,498,96121
01-03-2021,Pro,27321,29184,176263,78439,310605,292811,419313,310671,70472,136958,220055,58866,1014430,1116528,-1863,-108708,-17860,-92711,97824,-149583,78092,-129851
01-03-2021,TOTAL,236670,236670,1595874,1595874,1531552,1387692,1531552,1387692,509167,279587,509167,279587,5540542,5540542,0,0,0,0,0,0,0,0
01-04-2020,Client,83227,72942,317301,125763,271300,265681,288379,366625,81403,46727,71828,44137,1065639,969674,10285,-17079,-100944,94150,191538,9575,2590,198523
01-04-2020,DII,54486,3854,48392,828714,4317,62015,0,0,0,0,694,0,169210,833262,50632,4317,62015,-7066,-780322,-694,0,-781016
01-04-2020,FII,37805,100819,965511,397747,116202,150831,85129,84827,3501,4657,2623,4257,1278507,675402,-63014,31073,66004,-97945,567764,878,400,568242
01-04-2020,Pro,18378,16281,72110,51090,68574,69959,86885,97034,30869,27684,40628,30674,287574,322592,2097,-18311,-27075,10861,21020,-9759,-2990,14251
01-04-2020,TOTAL,193896,193896,1403314,1403314,460393,548486,460393,548486,115773,79068,115773,79068,2800930,2800930,0,0,0,0,0,0,0,0
01-04-2021,Client,162551,156787,849644,204325,473188,547437,517438,682978,343238,141126,227513,192948,2517184,1981989,5764,-44250,-135541,97055,645319,115725,-51822,812866
01-04-2021,DII,1358,26330,20195,868475,267,7362,0,0,0,11,13418,0,29193,908223,-24972,267,7362,-32067,-848280,-13418,11,-861709
01-04-2021,FII,72655,44544,597049,475495,157004,251597,102163,119736,25602,28102,34749,28095,1132009,804782,28111,54841,131861,-48909,121554,-9147,7,112400
01-04-2021,Pro,16950,25853,155274,73867,177626,173623,188484,177305,83704,116117,176864,64313,723294,706686,-8903,-10858,-3682,-16079,81407,-93160,51804,-63557
01-04-2021,TOTAL,253514,253514,1622162,1622162,808085,980019,808085,980019,452544,285356,452544,285356,4401680,4401680,0,0,0,0,0,0,0,0
01-06-2020,Client,98037,119547,419128,175623,463939,679043,468290,717778,148741,95500,124419,90452,1904388,1696109,-21510,-4351,-38735,12874,243505,24322,5048,262779
01-06-2020,DII,38182,10206,58062,929457,4584,67558,0,0,13,0,226,0,168399,939889,27976,4584,67558,-34998,-871395,-213,0,-871608
01-06-2020,FII,67563,48259,1056075,493466,165203,193456,117103,120861,8395,11456,13412,15087,1502148,808188,19304,48100,72595,-5191,562609,-5017,-3631,561223
01-06-2020,Pro,16627,42397,129668,64387,164289,162691,212622,264109,72166,61562,91258,62979,607003,737752,-25770,-48333,-101418,27315,65281,-19092,-1417,47606
01-06-2020,TOTAL,220409,220409,1662933,1662933,798015,1102748,798015,1102748,229315,168518,229315,168518,4181938,4181938,0,0,0,0,0,0,0,0
01-06-2021,Client,111713,148586,1040919,156187,1164077,1148750,1190350,1293172,594087,178810,354281,269015,4238356,3411591,-36873,-26273,-144422,81276,884732,239806,-90205,1214743
01-06-2021,DII,2263,44555,31001,1080787,267,50738,0,0,0,0,36803,0,84269,1162145,-42292,267,50738,-92763,-1049786,-36803,0,-1086589
01-06-2021,FII,105243,16974,718258,697549,297185,319821,191296,188020,39703,34459,57635,37119,1514669,1188593,88269,105889,131801,62357,20709,-17932,-2660,5437
01-06-2021,Pro,13907,23011,220251,75906,400798,402742,480681,440859,125229,185963,310300,93098,1348890,1423855,-9104,-79883,-38117,-50870,144345,-185071,92865,-133591
01-06-2021,TOTAL,233126,233126,2010429,2010429,1862327,1922051,1862327,1922051,759019,399232,759019,399232,7186184,7186184,0,0,0,0,0,0,0,0
01-07-2020,Client,137543,115057,438783,223445,679747,899488,651521,862899,236479,96509,166012,117759,2488549,2136693,22486,28226,36589,14123,215338,70467,-21250,307055
01-07-2020,DII,19680,16252,34498,829492,267,39353,0,0,0,0,3749,0,93798,849493,3428,267,39353,-35658,-794994,-3749,0,-798743
01-07-2020,FII,39264,53672,915405,392855,158276,213247,145027,139369,17061,15225,27292,16469,1358478,774684,-14408,13249,73878,-75037,522550,-10231,-1244,513563
01-07-2020,Pro,17942,29448,122064,64958,235688,238350,277430,388170,67846,82638,124333,60144,764528,944483,-11506,-41742,-149820,96572,57106,-56487,22494,-21875
01-07-2020,TOTAL,214429,214429,1510750,1510750,1073978,1390438,1073978,1390438,321386,194372,321386,194372,4705353,4705353,0,0,0,0,0,0,0,0
01-07-2021,Client,166694,177005,1173152,167247,907272,760658,939755,1003987,724640,210823,439855,360054,3943239,3087903,-10311,-32483,-243329,200535,1005905,284785,-149231,1439921
01-07-2021,DII,1996,57834,22166,1159827,401,24684,0,0,0,0,52597,0,49247,1270258,-55838,401,24684,-80121,-1137661,-52597,0,-1190258
01-07-2021,FII,92819,36058,669970,717991,223493,301210,120550,127693,42421,45325,66841,33734,1375238,1102867,56761,102943,173517,-13813,-48021,-24420,11591,-84032
01-07-2021,Pro,30851,21463,253829,74052,241425,320209,312285,275080,130256,227982,338024,90342,1204551,1111246,9388,-70860,45129,-106601,179777,-207768,137640,-165631
01-07-2021,TOTAL,292360,292360,2119117,2119117,1372590,1406760,1372590,1406760,897317,484130,897317,484130,6572274,6572274,0,0,0,0,0,0,0,0
01-09-2020,Client,90035,103867,545206,131636,790506,734448,693845,847356,334836,96899,205178,158620,2591930,2140502,-13832,96661,-112908,195737,413570,129658,-61721,604949
01-09-2020,DII,8159,30558,29468,728194,267,40564,0,0,0,0,2228,0,78458,760980,-22399,267,40564,-62696,-698726,-2228,0,-700954
01-09-2020,FII,85751,48809,699474,508042,180491,281166,121284,168388,16903,17283,22718,10633,1281068,879874,36942,59207,112778,-16629,191432,-5815,6650,178967
01-09-2020,Pro,21831,22542,153995,60271,232356,232684,388491,273118,66145,115892,187760,60821,822903,993003,-711,-156135,-40434,-116412,93724,-121615,55071,-82962
01-09-2020,TOTAL,205776,205776,1428143,1428143,1203620,1288862,1203620,1288862,417884,230074,417884,230074,4774359,4774359,0,0,0,0,0,0,0,0
01-10-2020,Client,98519,107382,586557,144011,440267,612196,501647,732638,291956,115399,194861,149953,2144894,1830492,-8863,-61380,-120442,50199,442546,97095,-34554,574195
01-10-2020,DII,2365,31370,29579,746021,267,40784,0,0,0,0,39,0,72995,777430,-29005,267,40784,-69522,-716442,-39,0,-716481
01-10-2020,FII,74578,37621,655445,455413,180684,257875,72427,146016,11344,18033,15909,14837,1197959,742223,36957,108257,111859,33355,200032,-4565,3196,192271
01-10-2020,Pro,23715,22804,139345,65481,154663,161555,201807,193756,64743,94111,157234,62753,638132,703835,911,-47144,-32201,-14032,73864,-92491,31358,-49985
01-10-2020,TOTAL,199177,199177,1410926,1410926,775881,1072410,775881,1072410,368043,227543,368043,227543,4053980,4053980,0,0,0,0,0,0,0,0
01-12-2020,Client,96620,132795,628934,153759,750198,1009498,762739,1063402,281592,104713,190155,136608,2871555,2439458,-36175,-12541,-53904,5188,475175,91437,-31895,598507
01-12-2020,DII,1371,40406,29569,757784,267,29744,0,0,0,0,0,0,60951,798190,-39035,267,29744,-68512,-728215,0,0,-728215
01-12-2020,FII,114881,28387,759256,574141,198588,246611,132144,184644,9863,15067,15710,12639,1344266,947665,86494,66444,61967,90971,185115,-5847,2428,176840
01-12-2020,Pro,18624,29908,149971,82046,280796,289893,334966,327700,73678,92593,159268,63126,905555,997014,-11284,-54170,-37807,-27647,67925,-85590,29467,-47132
01-12-2020,TOTAL,231496,231496,1567730,1567730,1229849,1575746,1229849,1575746,365133,212373,365133,212373,5182327,5182327,0,0,0,0,0,0,0,0
02-01-2020,Client,123136,128358,735606,210830,320823,443499,438439,620983,164523,84536,139785,108300,1872123,1646695,-5222,-117616,-177484,54646,524776,24738,-23764,573278
02-01-2020,DII,44661,35658,17665,1099112,4317,65841,0,0,0,0,654,0,132484,1135424,9003,4317,65841,-52521,-1081447,-654,0,-1082101
02-01-2020,FII,64503,53261,972264,464745,169106,228210,48060,81411,8794,14076,9318,9084,1456953,665879,11242,121046,146799,-14511,507519,-524,4992,502003
02-01-2020,Pro,14571,29594,134294,85142,135550,144663,143297,179819,47418,54613,70978,35841,531109,544671,-15023,-7747,-35156,12386,49152,-23560,18772,6820
02-01-2020,TOTAL,246871,246871,1859829,1859829,629796,882213,629796,882213,220735,153225,220735,153225,3992669,3992669,0,0,0,0,0,0,0,0
02-02-2021,Client,108357,107614,709181,146566,816911,1208680,772197,1184366,377994,145185,238334,189250,3366308,2638327,743,44714,24314,21143,562615,139660,-44065,746340
02-02-2021,DII,6986,42748,17243,800816,267,9853,0,0,0,65,1159,0,34414,844723,-35762,267,9853,-45348,-783573,-1159,65,-784797
02-02-2021,FII,79104,31746,666007,515193,247951,347654,205491,234355,22478,24787,40448,25748,1387981,1052981,47358,42460,113299,-23481,150814,-17970,-961,133805
02-02-2021,Pro,19527,31866,153395,83251,283858,366341,371299,513807,87928,122830,208459,77869,1033879,1286551,-12339,-87441,-147466,47686,70144,-120531,44961,-95348
02-02-2021,TOTAL,213974,213974,1545826,1545826,1348987,1932528,1348987,1932528,488400,292867,488400,292867,5822582,5822582,0,0,0,0,0,0,0,0
02-03-2020,Client,177359,89985,735657,152217,659950,407279,624046,664390,194889,75424,132405,109972,2250558,1773015,87374,35904,-257111,380389,583440,62484,-34548,680472
02-03-2020,DII,34118,10256,37519,1037052,18651,74975,0,0,0,0,904,0,165263,1048212,23862,18651,74975,-32462,-999533,-904,0,-1000437
02-03-2020,FII,35795,150826,867624,555876,170344,329945,92212,115873,12129,10918,11572,8915,1426755,935274,-115031,78132,214072,-250971,311748,557,2003,310302
02-03-2020,Pro,19604,15809,160627,56282,139365,159586,272052,191522,31956,71208,94093,38663,582346,668421,3795,-132687,-31936,-96956,104345,-62137,32545,9663
02-03-2020,TOTAL,266876,266876,1801427,1801427,988310,971785,988310,971785,238974,157550,238974,157550,4424922,4424922,0,0,0,0,0,0,0,0
02-03-2021,Client,144607,131637,756018,173179,1057699,941245,1026153,1043753,427272,129405,267172,207051,3456246,2848945,12970,31546,-102508,147024,582839,160100,-77646,820585
02-03-2021,DII,582,33410,26637,831138,267,11060,0,0,0,0,8798,0,38546,873346,-32828,267,11060,-43621,-804501,-8798,0,-813299
02-03-2021,FII,76501,52118,651631,529038,200012,300643,148787,182004,27384,27376,35265,26314,1283547,973526,24383,51225,118639,-43031,122593,-7881,1062,113650
02-03-2021,Pro,26411,30936,181188,82119,348929,336578,431967,363769,79391,141179,222812,64595,1113676,1196198,-4525,-83038,-27191,-60372,99069,-143421,76584,-120936
02-03-2021,TOTAL,248101,248101,1615474,1615474,1606907,1589526,1606907,1589526,534047,297960,534047,297960,5892015,5892015,0,0,0,0,0,0,0,0
02-06-2020,Client,105513,133205,427912,185641,489585,834083,508101,826247,165144,119671,141791,103800,2141908,1898785,-27692,-18516,7836,-54044,242271,23353,15871,249753
02-06-2020,DII,36215,10609,62290,907893,4584,67825,0,0,13,0,426,0,170927,918928,25606,4584,67825,-37635,-845603,-413,0,-846016
02-06-2020,FII,74019,49124,1055160,503443,183060,195654,121160,127992,10797,12587,15394,16702,1531277,833815,24895,61900,67662,19133,551717,-4597,-4115,551235
02-06-2020,Pro,23605,46414,131858,80243,180301,165910,228269,309233,83685,65244,102028,77000,650603,843187,-22809,-47968,-143323,72546,51615,-18343,-11756,45028
02-06-2020,TOTAL,239352,239352,1677220,1677220,857530,1263472,857530,1263472,259639,197502,259639,197502,4494715,4494715,0,0,0,0,0,0,0,0
02-06-2021,Client,115020,140227,1046620,158661,1231357,1212443,1260223,1358173,627841,196589,377808,289014,4429870,3584106,-25207,-28866,-145730,91657,887959,250033,-92425,1230417
02-06-2021,DII,2231,41545,32664,1085753,267,52457,0,0,0,0,41825,0,87619,1169123,-39314,267,52457,-91504,-1053089,-41825,0,-1094914
02-06-2021,FII,95707,16842,697989,676991,303486,321293,203692,188529,43636,42927,67381,39426,1505038,1192861,78865,99794,132764,45895,20998,-23745,3501,-6248
02-06-2021,Pro,10747,25091,223625,79493,375546,375335,446741,414826,138056,194295,322519,105371,1317604,1394041,-14344,-71195,-39491,-46048,144132,-184463,88924,-129255
02-06-2021,TOTAL,223705,223705,2000898,2000898,1910656,1961528,1910656,1961528,809533,433811,809533,433811,7340131,7340131,0,0,0,0,0,0,0,0
02-07-2020,Client,131430,121716,429468,222634,371747,526375,395172,579809,238811,109640,175388,123523,1807471,1618242,9714,-23425,-53434,39723,206834,63423,-13883,284140
02-07-2020,DII,19577,16412,35859,822107,287,39353,0,0,0,0,4190,0,95076,842709,3165,287,39353,-35901,-786248,-4190,0,-790438
02-07-2020,FII,45179,48255,925976,396534,142498,182469,113297,119920,19305,16829,27802,17218,1332256,723026,-3076,29201,62549,-36424,529442,-8497,-389,521334
02-07-2020,Pro,19240,29043,121796,71824,155550,162769,161613,211237,78177,82699,128913,68427,620231,671057,-9803,-6063,-48468,32602,49972,-50736,14272,-15036
02-07-2020,TOTAL,215426,215426,1513099,1513099,670082,910966,670082,910966,336293,209168,336293,209168,3855034,3855034,0,0,0,0,0,0,0,0
02-07-2021,Client,166452,176152,1171319,170041,1128978,1028634,1190321,1260653,751440,219865,460197,370763,4466688,3628127,-9700,-61343,-232019,160976,1001278,291243,-150898,1443419
02-07-2021,DII,1945,57834,22378,1165246,401,24684,0,0,0,0,54751,0,49408,1277831,-55889,401,24684,-80172,-1142868,-54751,0,-1197619
02-07-2021,FII,87447,29573,672407,714572,214266,302772,137101,154294,45032,47334,71831,35772,1369258,1143143,57874,77165,148478,-13439,-42165,-26799,11562,-80526
02-07-2021,Pro,28462,20747,257287,73532,333496,366114,349718,307257,135554,235212,345247,95876,1356125,1192377,7715,-16222,58857,-67364,183755,-209693,139336,-165274
02-07-2021,TOTAL,284306,284306,2123391,2123391,1677140,1722204,1677140,1722204,932026,502411,932026,502411,7241477,7241477,0,0,0,0,0,0,0,0
02-09-2020,Client,102848,100811,565080,144492,864188,846079,747859,931914,360327,109235,223061,167159,2847757,2315296,2037,116329,-85835,204201,420588,137266,-57924,615778
02-09-2020,DII,7943,32558,29767,729251,267,40564,0,0,0,0,2228,0,78541,764037,-24615,267,40564,-64912,-699484,-2228,0,-701712
02-09-2020,FII,79213,51982,697581,516718,179004,283530,135105,171885,18979,18977,24727,12001,1277284,912418,27231,43899,111645,-40515,180863,-5748,6976,168139
02-09-2020,Pro,19536,24189,161372,63339,228168,245383,388663,311757,71270,118966,200560,68018,844695,1056526,-4653,-160495,-66374,-98774,98033,-129290,50948,-82205
02-09-2020,TOTAL,209540,209540,1453800,1453800,1271627,1415556,1271627,1415556,450576,247178,450576,247178,5048277,5048277,0,0,0,0,0,0,0,0
02-11-2020,Client,146409,100771,622491,196540,551683,777914,585629,892648,291518,97939,187376,138893,2487954,2101857,45638,-33946,-114734,126426,425951,104142,-40954,571047
02-11-2020,DII,1943,29265,22725,796134,267,29563,0,0,0,9,360,0,54507,825759,-27322,267,29563,-56618,-773409,-360,9,-773778
02-11-2020,FII,50888,57699,725464,460268,158501,270815,118090,175185,10405,13046,14465,11946,1229119,837653,-6811,40411,95630,-62030,265196,-4060,1100,260036
02-11-2020,Pro,18259,29764,144951,62689,230966,264088,237698,274547,62494,93845,162216,54000,814603,820914,-11505,-6732,-10459,-7778,82262,-99722,39845,-57305
02-11-2020,TOTAL,217499,217499,1515631,1515631,941417,1342380,941417,1342380,364417,204839,364417,204839,4586183,4586183,0,0,0,0,0,0,0,0
02-12-2020,Client,101963,129477,631019,161132,919570,1008015,861548,1106442,313325,115610,206717,150703,3089502,2616019,-27514,58022,-98427,128935,469887,106608,-35093,611588
02-12-2020,DII,1371,41750,29354,757895,267,29744,0,0,0,0,398,0,60736,800043,-40379,267,29744,-69856,-728541,-398,0,-728939
02-12-2020,FII,106110,31096,763577,572304,206424,271214,144094,186244,11373,16346,17949,13180,1375044,964867,75014,62330,84970,52374,191273,-6576,3166,181531
02-12-2020,Pro,23837,30958,152572,85191,252253,295514,372872,311801,79532,103630,179166,71703,907338,1051691,-7121,-120619,-16287,-111453,67381,-99634,31927,-64180
02-12-2020,TOTAL,233281,233281,1576522,1576522,1378514,1604487,1378514,1604487,404230,235586,404230,235586,5432620,5432620,0,0,0,0,0,0,0,0
03-01-2020,Client,117793,113091,717492,208157,482248,475339,560356,689297,186188,88027,151599,116209,2067087,1838709,4702,-78108,-213958,140552,509335,34589,-28182,572106
03-01-2020,DII,44660,35658,19258,1094169,4317,65841,0,0,0,0,673,0,134076,1130500,9002,4317,65841,-52522,-1074911,-673,0,-1075584
03-01-2020,FII,61479,58713,982020,475101,179346,270074,73523,95257,9890,15665,10972,9636,1518474,723202,2766,105823,174817,-66228,506919,-1082,6029,499808
03-01-2020,Pro,13649,30119,135417,76760,151330,163829,183362,190529,46692,60018,79526,37865,570935,598161,-16470,-32032,-26700,-21802,58657,-32834,22153,3670
03-01-2020,TOTAL,237581,237581,1854187,1854187,817241,975083,817241,975083,242770,163710,242770,163710,4290572,4290572,0,0,0,0,0,0,0,0
03-02-2020,Client,161384,89075,775892,187003,896011,515513,720628,734303,251457,85977,169355,122122,2686234,2022486,72309,175383,-218790,466482,588889,82102,-36145,707136
03-02-2020,DII,45112,14793,30118,1044525,4317,72059,0,0,3365,0,49,0,154971,1059367,30319,4317,72059,-37423,-1014407,3316,0,-1011091
03-02-2020,FII,38761,146203,931422,604310,167034,290206,129786,105645,11143,13085,14750,9832,1451651,1010526,-107442,37248,184561,-254755,327112,-3607,3253,320252
03-02-2020,Pro,19805,14991,170341,71935,144970,168787,361918,206617,37730,72417,119541,39525,614050,814527,4814,-216948,-37830,-174304,98406,-81811,32892,-16297
03-02-2020,TOTAL,265062,265062,1907773,1907773,1212332,1046565,1212332,1046565,303695,171479,303695,171479,4906906,4906906,0,0,0,0,0,0,0,0
03-02-2021,Client,120648,116971,720891,161394,872952,1395878,845808,1308874,413562,167113,263916,205942,3691044,2902905,3677,27144,87004,-56183,559497,149646,-38829,747972
03-02-2021,DII,7025,42429,20786,799255,267,9853,0,0,0,65,1928,0,37996,843612,-35404,267,9853,-44990,-778469,-1928,65,-780462
03-02-2021,FII,80958,33784,662651,521137,235318,333980,188350,243687,24738,27156,44632,28571,1364801,1060161,47174,46968,90293,3849,141514,-19894,-1415,123035
03-02-2021,Pro,19767,35214,162610,85152,306344,378345,380723,565495,101182,130716,229006,90537,1098964,1386127,-15447,-74379,-187150,97324,77458,-127824,40179,-90545
03-02-2021,TOTAL,228398,228398,1566938,1566938,1414881,2118056,1414881,2118056,539482,325050,539482,325050,6192805,6192805,0,0,0,0,0,0,0,0
03-03-2020,Client,191248,94318,724120,176056,658463,536279,649297,766933,199376,83761,142614,115061,2393247,1944279,96930,9166,-230654,336750,548064,56762,-31300,636126
03-03-2020,DII,31638,9266,38710,1027374,18651,74975,0,0,0,0,1328,0,163974,1037968,22372,18651,74975,-33952,-988664,-1328,0,-989992
03-03-2020,FII,40315,151315,888852,543512,193114,354588,108299,131430,13651,12750,12494,10314,1503270,957364,-111000,84815,223158,-249343,345340,1157,2436,344061
03-03-2020,Pro,17643,25945,158118,62858,171671,171009,284303,238488,37861,73139,94452,44275,629441,750321,-8302,-112632,-67479,-53455,95260,-56591,28864,9805
03-03-2020,TOTAL,280844,280844,1809800,1809800,1041899,1136851,1041899,1136851,250888,169650,250888,169650,4689932,4689932,0,0,0,0,0,0,0,0
03-03-2021,Client,149089,140421,755497,175059,958073,1262901,970701,1265255,420405,147068,278240,214113,3693033,3043789,8668,-12628,-2354,-1606,580438,142165,-67045,789648
03-03-2021,DII,582,35730,28474,828959,267,11885,0,0,0,0,10197,0,41208,874886,-35148,267,11885,-46766,-800485,-10197,0,-810682
03-03-2021,FII,80262,42902,649914,518673,242539,355072,175087,233157,31710,30558,37451,29227,1390055,1036497,37360,67452,121915,-17103,131241,-5741,1331,124169
03-03-2021,Pro,20524,31404,175905,87099,340319,360474,395410,491920,94192,140117,220419,74403,1131531,1300655,-10880,-55091,-131446,65475,88806,-126227,65714,-103135
03-03-2021,TOTAL,250457,250457,1609790,1609790,1541198,1990332,1541198,1990332,546307,317743,546307,317743,6255827,6255827,0,0,0,0,0,0,0,0
03-04-2020,Client,87037,76006,328992,135128,395898,334016,400500,429628,97941,53519,81412,49977,1297403,1172651,11031,-4602,-95612,102041,193864,16529,3542,206851
03-04-2020,DII,51868,3854,49357,820900,4530,62007,0,0,0,0,1293,0,167762,826047,48014,4530,62007,-9463,-771543,-1293,0,-772836
03-04-2020,FII,38518,97001,976016,420187,128626,160559,91618,94030,4186,4988,2877,4512,1312893,710225,-58483,37008,66529,-88004,555829,1309,476,556662
03-04-2020,Pro,20912,21474,78449,56599,95686,99480,132622,132404,33000,30444,49545,34462,357971,427106,-562,-36936,-32924,-4574,21850,-16545,-4018,9323
03-04-2020,TOTAL,198335,198335,1432814,1432814,624740,656062,624740,656062,135127,88951,135127,88951,3136029,3136029,0,0,0,0,0,0,0,0
03-06-2020,Client,94929,137935,414048,193906,594633,881306,561101,858385,176983,138735,154083,111957,2300634,2017367,-43006,33532,22921,-32395,220142,22900,26778,216264
03-06-2020,DII,33434,11380,63223,902271,4584,68105,0,0,13,0,426,0,169359,914077,22054,4584,68105,-41467,-839048,-413,0,-839461
03-06-2020,FII,80182,47587,1053551,474462,192513,221436,131467,154182,12571,14372,17309,18758,1574625,843765,32595,61046,67254,26387,579089,-4738,-4386,578737
03-06-2020,Pro,24020,35663,129603,89786,193930,201257,293092,359537,92441,68986,110190,91378,710237,979646,-11643,-99162,-158280,47475,39817,-17749,-22392,44460
03-06-2020,TOTAL,232565,232565,1660425,1660425,985660,1372104,985660,1372104,282008,222093,282008,222093,4754855,4754855,0,0,0,0,0,0,0,0
03-06-2021,Client,113266,149523,1056403,160385,572146,709696,636597,843375,670763,212317,397412,305646,3334591,2492938,-36257,-64451,-133679,32971,896018,273351,-93329,1262698
03-06-2021,DII,2231,41546,32941,1084079,267,41269,0,0,0,0,46865,0,76708,1172490,-39315,267,41269,-80317,-1051138,-46865,0,-1098003
03-06-2021,FII,100607,17134,693534,684502,179864,258665,86114,143091,46854,52208,79449,42753,1331732,1053043,83473,93750,115574,61649,9032,-32595,9455,-33018
03-06-2021,Pro,14050,21951,227440,81352,180356,219549,209922,242713,148043,202520,341934,118646,991958,1016518,-7901,-29566,-23164,-14303,146088,-193891,83874,-131677
03-06-2021,TOTAL,230154,230154,2010318,2010318,932633,1229179,932633,1229179,865660,467045,865660,467045,5734989,5734989,0,0,0,0,0,0,0,0
03-07-2020,Client,129469,123380,423813,223298,543542,672609,557377,727668,252984,121122,185861,131944,2143539,1949528,6089,-13835,-55059,47313,200515,67123,-10822,278460
03-07-2020,DII,19577,20524,35984,812738,287,41463,0,0,0,0,5288,0,97311,838550,-947,287,41463,-42123,-776754,-5288,0,-782042
03-07-2020,FII,50589,46889,925699,399500,153304,195218,119381,130171,20041,17565,29108,18082,1362416,743131,3700,33923,65047,-27424,526199,-9067,-517,517649
03-07-2020,Pro,20286,29128,122640,72600,216635,216925,237010,268376,83862,85420,136630,74081,745768,817825,-8842,-20375,-51451,22234,50040,-52768,11339,-14067
03-07-2020,TOTAL,219921,219921,1508136,1508136,913768,1126215,913768,1126215,356887,224107,356887,224107,4349034,4349034,0,0,0,0,0,0,0,0
03-08-2020,Client,105523,102121,505128,152888,850412,634901,739899,763045,287414,98871,180620,140867,2482249,2079440,3402,110513,-128144,242059,352240,106794,-41996,501030
03-08-2020,DII,13164,30159,23172,776805,267,38539,0,0,0,0,2264,0,75142,809228,-16995,267,38539,-55267,-753633,-2264,0,-755897
03-08-2020,FII,60556,57186,795915,452546,146315,222830,122596,131667,12417,15710,16254,10481,1253743,790730,3370,23719,91163,-64074,343369,-3837,5229,334303
03-08-2020,Pro,31781,21558,129714,71690,205568,230138,340067,231696,58136,95103,158829,58336,750440,882176,10223,-134499,-1558,-122718,58024,-100693,36767,-79436
03-08-2020,TOTAL,211024,211024,1453929,1453929,1202562,1126408,1202562,1126408,357967,209684,357967,209684,4561574,4561574,0,0,0,0,0,0,0,0
03-09-2020,Client,117047,109844,581449,159686,485098,509674,473722,645010,395459,118441,239711,179941,2207168,1807914,7203,11376,-135336,153915,421763,155748,-61500,639011
03-09-2020,DII,7949,31719,31305,725664,267,40264,0,0,0,0,2507,0,79785,759890,-23770,267,40264,-63767,-694359,-2507,0,-696866
03-09-2020,FII,71934,54127,692695,526719,144383,251678,93843,137176,19922,19931,26621,12654,1200543,851140,17807,50540,114502,-46155,165976,-6699,7277,152000
03-09-2020,Pro,19227,20467,172651,66031,142234,145872,204417,165302,74589,127667,221131,73444,682240,750792,-1240,-62183,-19430,-43993,106620,-146542,54223,-94145
03-09-2020,TOTAL,216157,216157,1478100,1478100,771982,947488,771982,947488,489970,266039,489970,266039,4169736,4169736,0,0,0,0,0,0,0,0
03-11-2020,Client,141189,106272,612885,196348,576044,932430,602545,995756,310258,119331,208848,148681,2692137,2258450,34917,-26501,-63326,71742,416537,101410,-29350,547297
03-11-2020,DII,2031,31683,25848,793154,267,29563,0,0,0,18,715,0,57727,825552,-29652,267,29563,-58948,-767306,-715,18,-768039
03-11-2020,FII,55183,56156,732851,456543,178525,299877,120652,204992,11872,14131,16272,12977,1292439,867592,-973,57873,94885,-37985,276308,-4400,1154,270754
03-11-2020,Pro,23345,27637,145012,70551,215176,241529,246815,302651,73921,97004,170216,68826,795987,886696,-4292,-31639,-61122,25191,74461,-96295,28178,-50012
03-11-2020,TOTAL,221748,221748,1516596,1516596,970012,1503399,970012,1503399,396051,230484,396051,230484,4838290,4838290,0,0,0,0,0,0,0,0
03-12-2020,Client,99021,129868,643448,167543,455651,663120,491015,758734,330537,137465,222008,165046,2329242,1934214,-30847,-35364,-95614,29403,475905,108529,-27581,612015
03-12-2020,DII,1475,41745,30522,762407,267,29744,0,0,0,0,1169,0,62008,805321,-40270,267,29744,-69747,-731885,-1169,0,-733054
03-12-2020,FII,114072,38392,757054,559706,165360,220010,96885,160068,11543,17304,18575,14316,1285343,887942,75680,68475,59942,84213,197348,-7032,2988,187328
03-12-2020,Pro,25150,29713,155257,96625,150382,196951,183760,191023,87522,107128,187850,82535,722390,771506,-4563,-33378,5928,-43869,58632,-100328,24593,-66289
03-12-2020,TOTAL,239718,239718,1586281,1586281,771660,1109825,771660,1109825,429602,261897,429602,261897,4398983,4398983,0,0,0,0,0,0,0,0
04-01-2021,Client,112345,133167,676454,178837,833699,944035,791862,1026507,308833,108442,201912,162261,2983808,2494546,-20822,41837,-82472,103487,497617,106921,-53819,658357
04-01-2021,DII,1960,48895,17744,752979,1497,13561,0,0,267,0,213,0,35029,802087,-46935,1497,13561,-58999,-735235,54,0,-735181
04-01-2021,FII,108949,30121,675786,515634,177647,219042,139642,141274,15981,19303,31670,19050,1216708,877391,78828,38005,77768,39065,160152,-15689,253,144210
04-01-2021,Pro,20898,31969,151257,73791,264788,276416,346127,285273,73643,105506,164929,51940,892508,954029,-11071,-81339,-8857,-83553,77466,-91286,53566,-67386
04-01-2021,TOTAL,244152,244152,1521241,1521241,1277631,1453054,1277631,1453054,398724,233251,398724,233251,5128053,5128053,0,0,0,0,0,0,0,0
04-02-2020,Client,161371,78953,766386,207573,708327,712369,651818,851326,255145,97283,182808,129462,2700881,2101940,82418,56509,-138957,277884,558813,72337,-32179,663329
04-02-2020,DII,34352,12313,33682,1035478,4317,78059,0,0,3365,0,54,0,153775,1047845,22039,4317,78059,-51703,-1001796,3311,0,-998485
04-02-2020,FII,36106,140114,952217,601481,189903,290209,118371,119055,13136,14669,14861,11242,1496240,1005124,-104008,71532,171154,-203630,350736,-1725,3427,345584
04-02-2020,Pro,17002,17451,168480,76233,149698,166547,282056,276803,43987,74662,117910,45910,620376,816363,-449,-132358,-110256,-22551,92247,-73923,28752,-10428
04-02-2020,TOTAL,248831,248831,1920765,1920765,1052245,1247184,1052245,1247184,315633,186614,315633,186614,4971272,4971272,0,0,0,0,0,0,0,0
04-02-2021,Client,128925,122745,741456,194818,447516,680863,457343,735419,456548,186334,293022,224735,2641642,2028082,6180,-9827,-54556,50909,546638,163526,-38401,748565
04-02-2021,DII,6016,42421,21708,797270,267,9853,0,0,0,155,3178,0,37999,842869,-36405,267,9853,-45991,-775562,-3178,155,-778895
04-02-2021,FII,78402,45464,669932,520634,157686,258942,107237,159874,27311,28765,47372,30461,1221038,911042,32938,50449,99068,-15681,149298,-20061,-1696,130933
04-02-2021,Pro,25073,27786,170286,90660,152598,200921,193487,255286,112345,142404,252632,102462,803627,922313,-2713,-40889,-54365,10763,79626,-140287,39942,-100603
04-02-2021,TOTAL,238416,238416,1603382,1603382,758067,1150579,758067,1150579,596204,357658,596204,357658,4704306,4704306,0,0,0,0,0,0,0,0
04-03-2020,Client,200844,92741,730312,188576,762549,527194,700373,769235,214934,83200,154878,117476,2519033,2023279,108103,62176,-242041,412320,541736,60056,-34276,636068
04-03-2020,DII,33259,10355,35491,1027824,18651,78752,0,0,0,0,1582,0,166153,1039761,22904,18651,78752,-37197,-992333,-1582,0,-993915
04-03-2020,FII,36996,168508,900639,545346,214827,357342,114898,136173,15573,13637,13676,10863,1539014,989464,-131512,99929,221169,-252752,355293,1897,2774,354416
04-03-2020,Pro,21990,21485,164305,69001,171301,162710,352057,220590,43134,78341,103505,46839,641781,813477,505,-180756,-57880,-122371,95304,-60371,31502,3431
04-03-2020,TOTAL,293089,293089,1830747,1830747,1167328,1125998,1167328,1125998,273641,175178,273641,175178,4865981,4865981,0,0,0,0,0,0,0,0
04-03-2021,Client,189833,145896,778272,205626,554472,586554,554673,701249,481444,149968,304042,228133,2740543,2139619,43937,-201,-114695,158431,572646,177402,-78165,828213
04-03-2021,DII,579,44669,29033,820270,267,11885,0,0,0,0,12099,0,41764,877038,-44090,267,11885,-55708,-791237,-12099,0,-803336
04-03-2021,FII,76465,59600,642828,525731,161940,282217,109077,144952,33746,32435,41895,30165,1229631,911420,16865,52863,137265,-67537,117097,-8149,2270,106678
04-03-2021,Pro,21854,38566,187559,86065,169956,191706,222885,226161,94461,153515,251615,77620,819051,902912,-16712,-52929,-34455,-35186,101494,-157154,75895,-131555
04-03-2021,TOTAL,288731,288731,1637692,1637692,886635,1072362,886635,1072362,609651,335918,609651,335918,4830989,4830989,0,0,0,0,0,0,0,0
04-05-2020,Client,89497,114216,339364,179411,441259,403271,410984,492259,138644,67784,105400,67273,1479819,1369543,-24719,30275,-88988,94544,159953,33244,511,192686
04-05-2020,DII,26734,6026,35922,780994,4584,59407,0,0,0,0,500,0,126647,787520,20708,4584,59407,-34115,-745072,-500,0,-745572
04-05-2020,FII,59288,47692,998309,450479,102861,165828,83163,93922,4848,7277,6848,7118,1338411,689222,11596,19698,71906,-40612,547830,-2000,159,545671
04-05-2020,Pro,16741,24326,94050,56761,104602,120138,159159,162463,41965,44897,72709,45567,422393,520985,-7585,-54557,-42325,-19817,37289,-30744,-670,7215
04-05-2020,TOTAL,192260,192260,1467645,1467645,653306,748644,653306,748644,185457,119958,185457,119958,3367270,3367270,0,0,0,0,0,0,0,0
04-05-2021,Client,154652,115554,938239,241212,1198101,925914,1121548,1082194,492792,170505,289208,244231,3880203,3093947,39098,76553,-156280,271931,697027,203584,-73726,974337
04-05-2021,DII,3070,34497,30627,1093638,267,19961,0,0,0,0,23616,0,53925,1151751,-31427,267,19961,-51121,-1063011,-23616,0,-1086627
04-05-2021,FII,52413,47926,797263,547834,298814,332037,204884,183356,30458,30169,45519,31470,1541154,1060989,4487,93930,148681,-50264,249429,-15061,-1301,235669
04-05-2021,Pro,13215,25373,203418,86863,327481,307053,498231,319415,96978,164615,261885,89588,1112760,1281355,-12158,-170750,-12362,-170546,116555,-164907,75027,-123379
04-05-2021,TOTAL,223350,223350,1969547,1969547,1824663,1584965,1824663,1584965,620228,365289,620228,365289,6588042,6588042,0,0,0,0,0,0,0,0
04-06-2020,Client,95433,128289,429846,205555,342793,469531,366724,558613,202138,147641,167887,123262,1687382,1550330,-32856,-23931,-89082,32295,224291,34251,24379,234163
04-06-2020,DII,36374,13238,59792,901644,4584,67605,0,0,13,0,925,0,168368,915807,23136,4584,67605,-39885,-841852,-912,0,-842764
04-06-2020,FII,64985,49189,1048692,466042,161140,187404,105001,116680,13923,15619,18907,19280,1491763,775099,15796,56139,70724,1211,582650,-4984,-3661,581327
04-06-2020,Pro,25013,31089,129090,94179,116866,115196,153658,164443,94381,75623,122736,96341,556169,662446,-6076,-36792,-49247,6379,34911,-28355,-20718,27274
04-06-2020,TOTAL,221805,221805,1667420,1667420,625383,839736,625383,839736,310455,238883,310455,238883,3903682,3903682,0,0,0,0,0,0,0,0
04-06-2021,Client,115751,150820,1067753,165524,983422,884125,1006084,1087839,726845,226208,425543,323856,4004104,3159666,-35069,-22662,-203714,145983,902229,301302,-97648,1301179
04-06-2021,DII,2176,41572,33248,1082528,267,44771,0,0,0,0,49490,0,80462,1173590,-39396,267,44771,-83900,-1049280,-49490,0,-1098770
04-06-2021,FII,99389,21814,686884,686197,250553,316276,161235,169809,51329,58603,89957,46531,1463034,1175543,77575,89318,146467,20426,687,-38628,12072,-50013
04-06-2021,Pro,19346,22456,232887,86523,321284,342464,388207,329988,157826,213394,371010,127818,1287201,1326002,-3110,-66923,12476,-82509,146364,-213184,85576,-152396
04-06-2021,TOTAL,236662,236662,2020772,2020772,1555526,1587636,1555526,1587636,936000,498205,936000,498205,6834801,6834801,0,0,0,0,0,0,0,0
04-08-2020,Client,113061,103811,517579,169070,718637,827222,694901,875974,302636,112791,195313,149670,2591926,2188739,9250,23736,-48752,81738,348509,107323,-36879,492711
04-08-2020,DII,12755,36293,21424,773184,267,40539,0,0,0,0,3191,0,74985,812668,-23538,267,40539,-63810,-751760,-3191,0,-754951
04-08-2020,FII,63283,40723,801253,455328,163787,213864,115777,137347,13630,16109,17585,10670,1271926,777430,22560,48010,76517,-5947,345925,-3955,5439,336531
04-08-2020,Pro,22662,30934,133657,76331,224159,235491,296172,303795,63962,97093,164139,65653,777024,937024,-8272,-72013,-68304,-11981,57326,-100177,31440,-74291
04-08-2020,TOTAL,211761,211761,1473913,1473913,1106850,1317116,1106850,1317116,380228,225993,380228,225993,4715861,4715861,0,0,0,0,0,0,0,0
04-09-2020,Client,113275,110018,578838,160040,735596,613554,676233,771085,447318,119972,260635,192388,2608553,2170399,3257,59363,-157531,220151,418798,186683,-72416,677897
04-09-2020,DII,9110,28224,31076,725623,267,35166,0,0,0,0,2507,0,75619,756354,-19114,267,35166,-54013,-694547,-2507,0,-697054
04-09-2020,FII,67495,58390,678474,515846,155421,273406,105488,157728,21241,20567,28549,13165,1216604,879166,9105,49933,115678,-56640,162628,-7308,7402,147918
04-09-2020,Pro,24855,18103,179513,66392,178896,211576,288459,204889,73722,141530,250590,76516,810092,904949,6752,-109563,6687,-109498,113121,-176868,65014,-128761
04-09-2020,TOTAL,214735,214735,1467901,1467901,1070180,1133702,1070180,1133702,542281,282069,542281,282069,4710868,4710868,0,0,0,0,0,0,0,0
04-11-2020,Client,146194,105115,613839,204943,698461,1040149,691384,1090030,331383,124643,224033,153304,2954669,2468809,41079,7077,-49881,98037,408896,107350,-28661,544907
04-11-2020,DII,2142,34064,28908,792612,267,29863,0,0,0,18,1015,0,61198,827691,-31922,267,29863,-61518,-763704,-1015,18,-764737
04-11-2020,FII,53385,58463,744097,460153,182049,303158,130217,206648,13134,15622,19138,13840,1311445,888459,-5078,51832,96510,-49756,283944,-6004,1782,276158
04-11-2020,Pro,20974,25053,147967,77103,233770,280962,292946,357454,76987,99420,177318,72559,860080,1002433,-4079,-59176,-76492,13237,70864,-100331,26861,-56328
04-11-2020,TOTAL,222695,222695,1534811,1534811,1114547,1654132,1114547,1654132,421504,239703,421504,239703,5187392,5187392,0,0,0,0,0,0,0,0
04-12-2020,Client,110506,138999,644004,170355,593307,944903,635898,1011608,353865,151866,239274,179727,2798451,2375861,-28493,-42591,-66705,-4379,473649,114591,-27861,616101
04-12-2020,DII,1873,42803,31235,758239,267,29744,0,0,0,0,1669,0,63119,802711,-40930,267,29744,-70407,-727004,-1669,0,-728673
04-12-2020,FII,121578,35862,747482,555893,209406,252490,136511,183690,12410,18416,20187,15710,1361782,947853,85716,72895,68800,89811,191589,-7777,2706,181106
04-12-2020,Pro,22426,38719,158133,96367,219214,245458,249785,277297,94158,113905,199303,88750,853294,950221,-16293,-30571,-31839,-15025,61766,-105145,25155,-68534
04-12-2020,TOTAL,256383,256383,1580854,1580854,1022194,1472595,1022194,1472595,460433,284187,460433,284187,5076646,5076646,0,0,0,0,0,0,0,0
05-01-2021,Client,135706,151565,691604,206012,798980,1211441,793841,1222564,353435,121595,226644,181025,3312761,2781651,-15859,5139,-11123,403,485592,126791,-59430,671813
05-01-2021,DII,1860,49525,16559,746980,1472,13561,0,0,267,0,349,0,33719,796854,-47665,1472,13561,-59754,-730421,-82,0,-730503
05-01-2021,FII,106993,29698,676665,517003,157395,235732,124483,175295,17953,21489,34531,21345,1216227,902355,77295,32912,60437,49770,159662,-16578,144,142940
05-01-2021,Pro,21210,34981,163976,78809,285432,324785,324955,387660,84311,120254,194442,60968,999968,1081815,-13771,-39523,-62875,9581,85167,-110131,59286,-84250
05-01-2021,TOTAL,265769,265769,1548804,1548804,1243279,1785519,1243279,1785519,455966,263338,455966,263338,5562675,5562675,0,0,0,0,0,0,0,0
05-02-2020,Client,170183,78149,773631,220160,655487,812347,647075,914125,257727,106731,189219,135250,2776106,2183978,92034,8412,-101778,202224,553471,68508,-28519,650498
05-02-2020,DII,31735,15733,34693,1031985,4317,84059,0,0,3365,0,339,0,158169,1048057,16002,4317,84059,-63740,-997292,3026,0,-994266
05-02-2020,FII,32645,142137,965321,609309,193546,299932,113814,129038,13260,16188,13828,12256,1520892,1020382,-109492,79732,170894,-200654,356012,-568,3932,351512
05-02-2020,Pro,17532,16076,174233,86424,190714,181367,283175,334542,50972,74302,121938,49715,689120,891870,1456,-92461,-153175,62170,87809,-70966,24587,-7744
05-02-2020,TOTAL,252095,252095,1947878,1947878,1044064,1377705,1044064,1377705,325324,197221,325324,197221,5144287,5144287,0,0,0,0,0,0,0,0
05-02-2021,Client,139545,125162,742216,205134,676170,867045,677679,935347,496703,199907,312279,245879,3121586,2501480,14383,-1509,-68302,81176,537082,184424,-45972,767478
05-02-2021,DII,1601,42421,23347,794580,267,9853,0,0,0,216,3649,0,35284,840650,-40820,267,9853,-50406,-771233,-3649,216,-775098
05-02-2021,FII,74996,46802,671723,523369,202599,299876,131232,196083,30668,32053,52056,31878,1311915,981420,28194,71367,103793,-4232,148354,-21388,175,126791
05-02-2021,Pro,24635,26392,181217,95420,236266,298637,306391,343981,118557,156415,277944,110834,1015727,1160962,-1757,-70125,-45344,-26538,85797,-159387,45581,-119171
05-02-2021,TOTAL,240777,240777,1618503,1618503,1115302,1475411,1115302,1475411,645928,388591,645928,388591,5484512,5484512,0,0,0,0,0,0,0,0
05-03-2020,Client,208041,97219,731905,204828,403011,375275,439241,621602,226807,90241,163851,124218,2035280,1650959,110822,-36230,-246327,320919,527077,62956,-33977,624010
05-03-2020,DII,33709,10192,37726,1028340,18651,78752,0,0,0,0,1736,0,168838,1040268,23517,18651,78752,-36584,-990614,-1736,0,-992350
05-03-2020,FII,37241,174004,910086,537530,140121,315488,83497,116581,17246,14730,14850,11044,1434912,937506,-136763,56624,198907,-279046,372556,2396,3686,371266
05-03-2020,Pro,21849,19425,163899,72918,124777,135679,163822,167011,45815,79487,109431,49196,571506,581803,2424,-39045,-31332,-5289,90981,-63616,30291,-2926
05-03-2020,TOTAL,300840,300840,1843616,1843616,686560,905194,686560,905194,289868,184458,289868,184458,4210536,4210536,0,0,0,0,0,0,0,0
05-03-2021,Client,197608,159787,766447,217158,928189,754703,893141,908575,546261,150127,330611,242099,3343335,2751371,37821,35048,-153872,226741,549289,215650,-91972,856911
05-03-2021,DII,579,43788,29110,814545,267,11710,0,0,0,0,12619,0,41666,870952,-43209,267,11710,-54652,-785435,-12619,0,-798054
05-03-2021,FII,81532,63472,644246,523552,197977,311234,152684,165045,35662,33937,45777,31282,1304588,981812,18060,45293,146189,-82836,120694,-10115,2655,107924
05-03-2021,Pro,22805,35477,196702,81250,284833,279363,365441,283390,95433,168898,288349,79581,1048034,1133488,-12672,-80608,-4027,-89253,115452,-192916,89317,-166781
05-03-2021,TOTAL,302524,302524,1636505,1636505,1411266,1357010,1411266,1357010,677356,352962,677356,352962,5737623,5737623,0,0,0,0,0,0,0,0
05-04-2021,Client,162145,151522,860717,211823,948528,707289,902683,859733,395962,144208,248152,211363,3218849,2585276,10623,45845,-152444,208912,648894,147810,-67155,863859
05-04-2021,DII,688,22461,19411,859633,267,7362,0,0,0,9,17105,0,27737,899199,-21773,267,7362,-28868,-840222,-17105,9,-857336
05-04-2021,FII,65907,55237,589714,492272,207884,286204,162853,146506,28651,30665,37817,30248,1209025,924933,10670,45031,139698,-83997,97442,-9166,417,87859
05-04-2021,Pro,19862,19382,163113,69227,289975,250300,381118,244916,81120,131175,202659,64446,935545,981748,480,-91143,5384,-96047,93886,-121539,66729,-94382
05-04-2021,TOTAL,248602,248602,1632955,1632955,1446654,1251155,1446654,1251155,505733,306057,505733,306057,5391156,5391156,0,0,0,0,0,0,0,0
05-05-2020,Client,91777,112247,346635,187908,575445,434083,500294,527593,162170,81597,125364,77204,1691707,1530610,-20470,75151,-93510,148191,158727,36806,4393,191140
05-05-2020,DII,22448,7134,34753,772389,4584,61465,0,0,0,0,691,0,123250,780214,15314,4584,61465,-41567,-737636,-691,0,-738327
05-05-2020,FII,61337,47817,1002703,459659,102214,170810,89260,102425,7083,9123,8837,8819,1353270,716817,13520,12954,68385,-41911,543044,-1754,304,540986
05-05-2020,Pro,14322,22686,97731,61866,122540,131748,215229,168088,48874,48553,83235,53250,463768,604354,-8364,-92689,-36340,-64713,35865,-34361,-4697,6201
05-05-2020,TOTAL,189884,189884,1481822,1481822,804783,798106,804783,798106,218127,139273,218127,139273,3631995,3631995,0,0,0,0,0,0,0,0
05-05-2021,Client,157086,110344,948821,248789,1178959,1161709,1142125,1246017,513320,188921,311362,250668,4148816,3309305,46742,36834,-84308,167884,700032,201958,-61747,963737
05-05-2021,DII,3070,36495,32659,1100643,267,26236,0,0,0,0,25091,0,62232,1162229,-33425,267,26236,-59394,-1067984,-25091,0,-1093075
05-05-2021,FII,50278,45815,807519,550180,306496,337285,213639,208943,32871,32128,48998,34576,1566577,1102151,4463,92857,128342,-31022,257339,-16127,-2448,243660
05-05-2021,Pro,11489,29269,204575,93962,347706,347674,477664,417944,106283,162591,267023,98396,1180318,1384258,-17780,-129958,-70270,-77468,110613,-160740,64195,-114322
05-05-2021,TOTAL,221923,221923,1993574,1993574,1833428,1872904,1833428,1872904,652474,383640,652474,383640,6957943,6957943,0,0,0,0,0,0,0,0
05-06-2020,Client,100513,133740,439835,207508,449427,667873,483566,729368,219597,169929,183076,135156,2047174,1872414,-33227,-34139,-61495,-5871,232327,36521,34773,234075
05-06-2020,DII,36228,13038,56396,912125,4584,67275,0,0,13,0,1672,0,164496,926835,23190,4584,67275,-39501,-855729,-1659,0,-857388
05-06-2020,FII,68341,58048,1056601,456064,205606,204726,136937,136061,16234,17276,20850,21134,1568784,829094,10293,68669,68665,10297,600537,-4616,-3858,599779
05-06-2020,Pro,27741,27997,125643,102778,161424,159048,200538,233493,101956,76172,132202,107087,651984,804095,-256,-39114,-74445,35075,22865,-30246,-30915,23534
05-06-2020,TOTAL,232823,232823,1678475,1678475,821041,1098922,821041,1098922,337800,263377,337800,263377,4432438,4432438,0,0,0,0,0,0,0,0
05-07-2021,Client,167538,167755,1168899,169225,1158539,1345007,1259746,1525317,759246,231517,474459,372678,4830745,3969179,-217,-101207,-180310,78886,999674,284787,-141161,1425622
05-07-2021,DII,1977,59799,22485,1174319,401,24684,0,0,0,0,58339,0,49547,1292457,-57822,401,24684,-82105,-1151834,-58339,0,-1210173
05-07-2021,FII,90934,34236,682686,706939,233220,308752,150442,176072,48446,48069,74930,38597,1412107,1181216,56698,82778,132680,6796,-24253,-26484,9472,-60209
05-07-2021,Pro,27148,25807,254639,78226,413885,449197,395856,426251,140992,232432,340956,100743,1518292,1367839,1341,18029,22946,-3576,176413,-199964,131689,-155240
05-07-2021,TOTAL,287597,287597,2128709,2128709,1806044,2127639,1806044,2127639,948684,512018,948684,512018,7810691,7810691,0,0,0,0,0,0,0,0
05-08-2020,Client,104118,101497,526186,170858,863793,854559,766809,900245,322465,120801,206320,157452,2791922,2303181,2621,96984,-45686,145291,355328,116145,-36651,508124
05-08-2020,DII,11635,36093,20226,774622,267,40539,0,0,0,0,3965,0,72667,814680,-24458,267,40539,-64730,-754396,-3965,0,-758361
05-08-2020,FII,55327,39605,807042,464599,171864,225057,130765,150074,15066,17404,18885,11531,1291760,815459,15722,41099,74983,-18162,342443,-3819,5873,332751
05-08-2020,Pro,27670,21555,138036,81411,234755,241985,373105,311821,70104,103589,178465,72811,816139,1039168,6115,-138350,-69836,-62399,56625,-108361,30778,-82514
05-08-2020,TOTAL,198750,198750,1491490,1491490,1270679,1362140,1270679,1362140,407635,241794,407635,241794,4972488,4972488,0,0,0,0,0,0,0,0
05-10-2020,Client,95607,106616,592433,145749,729849,779542,735846,899428,319693,124225,212518,159951,2641349,2260108,-11009,-5997,-119886,102880,446684,107175,-35726,589585
05-10-2020,DII,2795,30663,30105,743376,267,41000,0,0,0,0,39,0,74167,774078,-27868,267,41000,-68601,-713271,-39,0,-713310
05-10-2020,FII,75404,39449,650592,460515,221199,288869,115308,162963,12172,19091,17292,15409,1267327,810936,35955,105891,125906,15940,190077,-5120,3682,181275
05-10-2020,Pro,26159,23237,144578,68068,199732,202449,299893,249469,67857,99611,169873,67567,740386,878107,2922,-100161,-47020,-50219,76510,-102016,32044,-57550
05-10-2020,TOTAL,199965,199965,1417708,1417708,1151047,1311860,1151047,1311860,399722,242927,399722,242927,4723229,4723229,0,0,0,0,0,0,0,0
05-11-2020,Client,138797,126499,612945,203145,388892,670374,437086,743416,322956,153957,235558,153953,2287921,1899657,12298,-48194,-73042,37146,409800,87398,4,497194
05-11-2020,DII,2220,35336,30308,788820,267,30396,0,0,0,18,1530,0,63209,825686,-33116,267,30396,-63245,-758512,-1530,18,-760060
05-11-2020,FII,78829,43042,757963,463933,147646,245157,87639,157765,14011,16345,19680,15226,1259951,787285,35787,60007,87392,8402,294030,-5669,1119,287242
05-11-2020,Pro,23412,38381,144279,89597,157796,185006,169876,229752,90123,91023,170322,92164,691639,790092,-14969,-12080,-44746,17697,54682,-80199,-1141,-24376
05-11-2020,TOTAL,243258,243258,1545495,1545495,694601,1130933,694601,1130933,427090,261343,427090,261343,4302720,4302720,0,0,0,0,0,0,0,0
06-01-2020,Client,122336,110810,703857,193571,717380,485608,694355,705701,207385,90728,159807,123279,2327294,1987523,11526,23025,-220093,254644,510286,47578,-32551,590415
06-01-2020,DII,44660,26337,20100,1095310,4317,67921,0,0,0,0,673,0,136998,1122320,18323,4317,67921,-45281,-1075210,-673,0,-1075883
06-01-2020,FII,70074,74088,982209,483556,176063,281109,87093,96768,10770,16185,13211,9541,1536410,764257,-4014,88970,184341,-99385,498653,-2441,6644,489568
06-01-2020,Pro,9871,35706,139036,72765,162275,185758,278587,217927,43992,65991,88456,40084,606923,733525,-25835,-116312,-32169,-109978,66271,-44464,25907,-4100
06-01-2020,TOTAL,246941,246941,1845202,1845202,1060035,1020396,1060035,1020396,262147,172904,262147,172904,4607625,4607625,0,0,0,0,0,0,0,0
06-01-2021,Client,125120,152214,684780,201611,1033466,1184437,963090,1271160,411481,132261,257247,200283,3571545,3045605,-27094,70376,-86723,130005,483169,154234,-68022,705425
06-01-2021,DII,1860,43058,16995,753752,1457,14340,0,0,267,0,499,0,34919,797309,-41198,1457,14340,-54081,-736757,-232,0,-736989
06-01-2021,FII,103902,29528,673833,513259,219359,268708,156999,154177,21829,23580,40076,23011,1311211,917050,74374,62360,114531,22203,160574,-18247,569,141758
06-01-2021,Pro,21546,27628,171282,78268,290718,332702,424911,374850,90378,135378,226133,67925,1042004,1199715,-6082,-134193,-42148,-98127,93014,-135755,67453,-110194
06-01-2021,TOTAL,252428,252428,1546890,1546890,1545000,1800187,1545000,1800187,523955,291219,523955,291219,5959679,5959679,0,0,0,0,0,0,0,0
06-02-2020,Client,174719,81535,781586,225747,341781,431232,401116,622152,266131,116905,198833,141392,2112354,1670775,93184,-59335,-190920,224769,555839,67298,-24487,647624
06-02-2020,DII,29841,18475,37083,1038162,4317,80777,0,0,3365,0,329,0,155383,1056966,11366,4317,80777,-65094,-1001079,3036,0,-998043
06-02-2020,FII,31671,139947,970974,605264,166448,257156,84524,102719,14435,17017,14920,12998,1457701,960372,-108276,81924,154437,-180789,365710,-485,4019,361206
06-02-2020,Pro,19508,15782,172257,92727,123439,133318,150345,177612,53948,75725,123797,55257,578195,615520,3726,-26906,-44294,21114,79530,-69849,20468,-10787
06-02-2020,TOTAL,255739,255739,1961900,1961900,635985,902483,635985,902483,337879,209647,337879,209647,4303633,4303633,0,0,0,0,0,0,0,0
06-03-2020,Client,235173,91107,722656,225716,577292,399779,567865,669527,248861,83852,171786,121725,2267613,1847726,144066,9427,-269748,423241,496940,77075,-37873,611888
06-03-2020,DII,37508,8743,40026,1021934,18651,78752,0,0,121,0,1923,0,175058,1032600,28765,18651,78752,-31336,-981908,-1802,0,-983710
06-03-2020,FII,35652,208785,924498,540643,162219,356140,110622,134131,18072,15419,17144,11686,1512000,1023011,-173133,51597,222009,-343545,383855,928,3733,381050
06-03-2020,Pro,23446,23144,171352,70239,139093,158516,218768,189529,43250,82034,119451,47894,617691,669025,302,-79675,-31013,-48360,101113,-76201,34140,-9228
06-03-2020,TOTAL,331779,331779,1858532,1858532,897255,993187,897255,993187,310304,181305,310304,181305,4572362,4572362,0,0,0,0,0,0,0,0
06-04-2021,Client,157446,143994,872895,218838,1071525,857342,1018182,1003216,422890,159736,270833,224122,3541834,2879185,13452,53343,-145874,212669,654057,152057,-64386,870500
06-04-2021,DII,688,23170,18803,863339,267,7362,0,0,0,9,17548,0,27129,904057,-22482,267,7362,-29577,-844536,-17548,9,-862093
06-04-2021,FII,65940,52397,586829,489983,246860,318301,185316,171201,30837,32034,39955,31126,1280801,969978,13543,61544,147100,-72013,96846,-9118,908,86820
06-04-2021,Pro,16407,20920,167671,74038,333177,302480,448331,311068,87133,134710,212524,71241,1041578,1138122,-4513,-115154,-8588,-111079,93633,-125391,63469,-95227
06-04-2021,TOTAL,240481,240481,1646198,1646198,1651829,1485485,1651829,1485485,540860,326489,540860,326489,5891342,5891342,0,0,0,0,0,0,0,0
06-05-2020,Client,87020,111719,359028,187270,579770,550963,511624,603306,174305,90001,139126,84209,1841087,1637254,-24699,68146,-52343,95790,171758,35179,5792,201145
06-05-2020,DII,22503,7094,36467,790491,4584,61465,0,0,0,0,891,0,125019,798476,15409,4584,61465,-41472,-754024,-891,0,-754915
06-05-2020,FII,66554,43287,1018129,469675,116154,175269,91805,112097,8195,10086,9878,9751,1394387,736493,23267,24349,63172,-15556,548454,-1683,335,546436
06-05-2020,Pro,12752,26729,101511,67699,117157,133065,214236,205359,55484,50757,88089,56884,470726,658996,-13977,-97079,-72294,-38762,33812,-32605,-6127,7334
06-05-2020,TOTAL,188829,188829,1515135,1515135,817665,920762,817665,920762,237984,150844,237984,150844,3831219,3831219,0,0,0,0,0,0,0,0
06-05-2021,Client,156250,108077,952994,263943,511160,654071,582419,778853,536695,205933,328390,261100,3017103,2322782,48173,-71259,-124782,101696,689051,208305,-55167,952523
06-05-2021,DII,3069,39845,38034,1094967,267,20494,0,0,0,0,30247,0,61864,1165059,-36776,267,20494,-57003,-1056933,-30247,0,-1087180
06-05-2021,FII,52421,50496,809407,552094,225187,271225,118424,140386,35090,34609,51123,37280,1427939,949803,1925,106763,130839,-22151,257313,-16033,-2671,243951
06-05-2021,Pro,11500,24822,209064,98495,169169,193258,204940,219809,115815,168908,277840,111070,867714,936976,-13322,-35771,-26551,-22542,110569,-162025,57838,-109294
06-05-2021,TOTAL,223240,223240,2009499,2009499,905783,1139048,905783,1139048,687600,409450,687600,409450,5374620,5374620,0,0,0,0,0,0,0,0
06-07-2020,Client,124179,124685,423210,222220,572955,823328,596110,833374,258026,139926,196552,139727,2341624,2112668,-506,-23155,-10046,-13615,200990,61474,199,262265
06-07-2020,DII,19674,24524,36826,812592,287,43532,0,0,0,0,5288,0,100319,842404,-4850,287,43532,-48095,-775766,-5288,0,-781054
06-07-2020,FII,56993,45142,934776,399710,186013,214488,136307,155738,21154,18423,30261,18902,1431847,786060,11851,49706,58750,2807,535066,-9107,-479,526438
06-07-2020,Pro,21208,27703,122067,82357,247285,235702,274123,327938,92857,85922,139936,85642,805041,937699,-6495,-26838,-92236,58903,39710,-47079,280,-7649
06-07-2020,TOTAL,222054,222054,1516879,1516879,1006540,1317050,1006540,1317050,372037,244271,372037,244271,4678831,4678831,0,0,0,0,0,0,0,0
06-07-2021,Client,158694,171939,1160158,177919,1279434,1442659,1354322,1637466,795361,239166,490089,389985,5075472,4221720,-13245,-74888,-194807,106674,982239,305272,-150819,1438330
06-07-2021,DII,2343,59796,26764,1175026,401,27620,0,0,0,0,59710,0,57128,1294532,-57453,401,27620,-84672,-1148262,-59710,0,-1207972
06-07-2021,FII,94864,35258,696645,705998,261125,331708,164135,192725,51707,52671,82200,43387,1488720,1223702,59606,96990,138983,17613,-9353,-30493,9284,-49130
06-07-2021,Pro,32272,21180,257777,82401,440539,508689,463042,480485,147824,246374,362893,104839,1633475,1514840,11092,-22503,28204,-39615,175376,-215069,141535,-181228
06-07-2021,TOTAL,288173,288173,2141344,2141344,1981498,2310676,1981498,2310676,994892,538211,994892,538211,8254794,8254794,0,0,0,0,0,0,0,0
06-08-2020,Client,106907,105788,528554,172674,409763,576267,429132,659506,340666,133677,219451,165901,2095834,1752452,1119,-19369,-83239,64989,355880,121215,-32224,509319
06-08-2020,DII,11635,36366,20298,769671,267,40539,0,0,0,0,4719,0,72739,810756,-24731,267,40539,-65003,-749373,-4719,0,-754092
06-08-2020,FII,60999,41748,805801,471736,139125,183071,81273,115508,16063,18202,20323,12212,1223261,742800,19251,57852,67563,9540,334065,-4260,5990,323815
06-08-2020,Pro,23529,19168,141777,82349,139521,174753,178271,199616,74379,105688,186615,79454,659647,745473,4361,-38750,-24863,-9526,59428,-112236,26234,-79042
06-08-2020,TOTAL,203070,203070,1496430,1496430,688676,974630,688676,974630,431108,257567,431108,257567,4051481,4051481,0,0,0,0,0,0,0,0
06-10-2020,Client,115054,111542,598441,158765,685086,978390,730441,1038818,339816,136533,228735,167669,2853320,2435970,3512,-45355,-60428,18585,439676,111081,-31136,581893
06-10-2020,DII,2795,32301,30033,738079,267,41000,0,0,0,0,389,0,74095,770769,-29506,267,41000,-70239,-708046,-389,0,-708435
06-10-2020,FII,70191,39537,653615,459876,234206,298784,116313,174247,13550,19709,19112,15896,1290055,824981,30654,117893,124537,24010,193739,-5562,3813,184364
06-10-2020,Pro,27094,31754,149529,74898,231111,235223,303916,340332,75598,102791,180728,75468,821346,1007096,-4660,-72805,-105109,27644,74631,-105130,27323,-57822
06-10-2020,TOTAL,215134,215134,1431618,1431618,1150670,1553397,1150670,1553397,428964,259033,428964,259033,5038816,5038816,0,0,0,0,0,0,0,0
06-11-2020,Client,141192,136669,618745,217909,487829,926461,570952,975823,342966,171084,246344,164678,2688277,2312375,4523,-83123,-49362,-29238,400836,96622,6406,491052
06-11-2020,DII,2179,35356,30758,778789,267,30396,0,0,0,18,1545,0,63618,815690,-33177,267,30396,-63306,-748031,-1545,18,-749594
06-11-2020,FII,83491,40474,766431,473252,182845,304782,87976,212794,15746,17665,21988,16377,1370960,852861,43017,94869,91988,45898,293179,-6242,1288,285649
06-11-2020,Pro,19497,33860,147709,93693,211342,252805,223355,325827,95054,94208,183889,101920,820615,962544,-14363,-12013,-73022,46646,54016,-88835,-7712,-27107
06-11-2020,TOTAL,246359,246359,1563643,1563643,882283,1514444,882283,1514444,453766,282975,453766,282975,4943470,4943470,0,0,0,0,0,0,0,0
07-01-2020,Client,118273,117818,712579,199302,753008,563783,730388,765360,218413,96630,168742,127823,2462686,2109433,455,22620,-201577,224652,513277,49671,-31193,594141
07-01-2020,DII,44660,24784,21008,1101266,4317,67921,0,0,0,0,679,0,137906,1126729,19876,4317,67921,-43728,-1080258,-679,0,-1080937
07-01-2020,FII,75275,65554,986280,480848,189262,314411,91265,127003,11628,17069,13759,9704,1593925,788133,9721,97997,187408,-79690,505432,-2131,7365,495936
07-01-2020,Pro,12189,42241,140291,78742,183331,198656,308265,252408,45188,65532,92049,41704,645187,815409,-30052,-124934,-53752,-101234,61549,-46861,23828,-9140
07-01-2020,TOTAL,250397,250397,1860158,1860158,1129918,1144771,1129918,1144771,275229,179231,275229,179231,4839704,4839704,0,0,0,0,0,0,0,0
07-01-2021,Client,125758,153159,698265,207277,565538,748104,568345,857220,444162,150920,281214,217008,2732747,2284223,-27401,-2807,-109116,78908,490988,162948,-66088,720024
07-01-2021,DII,1950,43728,18522,758671,1397,19207,0,0,267,0,649,0,41343,803048,-41778,1397,19207,-59588,-740149,-382,0,-740531
07-01-2021,FII,104223,26716,680280,520785,148985,219081,96893,129708,23050,24712,43308,24020,1200331,841430,77507,52092,89373,40226,159495,-20258,692,138545
07-01-2021,Pro,19526,27854,177508,87842,203210,235825,253892,235289,101122,144296,243430,78900,881487,927207,-8328,-50682,536,-59546,89666,-142308,65396,-118038
07-01-2021,TOTAL,251457,251457,1574575,1574575,919130,1222217,919130,1222217,568601,319928,568601,319928,4855908,4855908,0,0,0,0,0,0,0,0
07-02-2020,Client,182190,81128,792088,235916,455933,532963,509941,737081,293923,122563,212412,149757,2379660,1926235,101062,-54008,-204118,251172,556172,81511,-27194,664877
07-02-2020,DII,29224,18451,37225,1043075,4317,83777,0,0,3365,0,706,0,157908,1062232,10773,4317,83777,-68687,-1005850,2659,0,-1003191
07-02-2020,FII,29974,142484,976653,605927,184327,276631,90735,120231,15175,18127,16730,13156,1500887,989263,-112510,93592,156400,-175318,370726,-1555,4971,364200
07-02-2020,Pro,17319,16644,172525,93573,136445,163216,180346,199275,55261,79628,137876,57405,624394,685119,675,-43901,-36059,-7167,78952,-82615,22223,-25886
07-02-2020,TOTAL,258707,258707,1978491,1978491,781022,1056587,781022,1056587,367724,220318,367724,220318,4662849,4662849,0,0,0,0,0,0,0,0
07-04-2020,Client,80175,92253,326251,150618,352536,506090,355440,546145,97778,69556,87744,54465,1432386,1286665,-12078,-2904,-40055,25073,175633,10034,15091,170576
07-04-2020,DII,48307,4594,51505,814459,4530,62007,0,0,0,0,1893,0,166349,820946,43713,4530,62007,-13764,-762954,-1893,0,-764847
07-04-2020,FII,57972,77870,994550,421867,133862,161883,91162,114333,4753,5015,5184,4994,1358035,715410,-19898,42700,47550,-24748,572683,-431,21,572231
07-04-2020,Pro,13505,25242,80525,65887,100557,121265,144883,190767,43739,28305,51449,43417,387896,521645,-11737,-44326,-69502,13439,14638,-7710,-15112,22040
07-04-2020,TOTAL,199959,199959,1452831,1452831,591485,851245,591485,851245,146270,102876,146270,102876,3344666,3344666,0,0,0,0,0,0,0,0
07-04-2021,Client,160074,145057,872360,219122,1049557,1171413,1039917,1218952,432269,169528,284542,227115,3855201,3134705,15017,9640,-47539,72196,653238,147727,-57587,858552
07-04-2021,DII,688,26955,20066,864724,267,7175,0,0,0,9,22120,0,28205,913799,-26267,267,7175,-33175,-844658,-22120,9,-866787
07-04-2021,FII,61990,42114,589303,483519,248694,325920,179891,193762,33885,33395,43074,32979,1293187,975339,19876,68803,132158,-43479,105784,-9189,416,96179
07-04-2021,Pro,15326,23952,163405,77769,352500,383843,431210,475637,95727,133335,212145,76173,1144136,1296886,-8626,-78710,-91794,4458,85636,-116418,57162,-87944
07-04-2021,TOTAL,238078,238078,1645134,1645134,1651018,1888351,1651018,1888351,561881,336267,561881,336267,6320729,6320729,0,0,0,0,0,0,0,0
07-05-2020,Client,87745,103755,386802,173938,305331,318115,306007,440612,207464,93951,154371,96930,1399408,1275613,-16010,-676,-122497,105811,212864,53093,-2979,268936
07-05-2020,DII,22483,7122,42257,792476,4584,61465,0,0,0,0,891,0,130789,800489,15361,4584,61465,-41520,-750219,-891,0,-751110
07-05-2020,FII,52783,53226,992466,501542,99869,162538,74599,89219,9213,12853,12920,9643,1329722,741149,-443,25270,73319,-48492,490924,-3707,3210,484007
07-05-2020,Pro,19433,18341,112694,66263,76468,108558,105646,120845,57486,60128,105981,60359,434767,477435,1092,-29178,-12287,-15799,46431,-48495,-231,-1833
07-05-2020,TOTAL,182444,182444,1534219,1534219,486252,650676,486252,650676,274163,166932,274163,166932,3294686,3294686,0,0,0,0,0,0,0,0
07-05-2021,Client,155475,110905,947421,259386,719160,864679,791493,1003051,559040,220673,343052,269742,3466448,2777629,44570,-72333,-138372,110609,688035,215988,-49069,953092
07-05-2021,DII,3067,40242,39492,1092454,267,20494,0,0,0,0,31665,0,63320,1164361,-37175,267,20494,-57402,-1052962,-31665,0,-1084627
07-05-2021,FII,55783,50233,815029,561234,244456,299023,154128,174337,38005,38597,56208,40657,1490893,1036797,5550,90328,124686,-28808,253795,-18203,-2060,237652
07-05-2021,Pro,10854,23799,207423,96291,281951,296933,300213,303741,127381,173452,293501,122323,1097994,1139868,-12945,-18262,-6808,-24399,111132,-166120,51129,-106117
07-05-2021,TOTAL,225179,225179,2009365,2009365,1245834,1481129,1245834,1481129,724426,432722,724426,432722,6118655,6118655,0,0,0,0,0,0,0,0
07-06-2021,Client,113842,155816,1074744,168868,1095710,1040485,1130968,1243404,776049,233883,454241,336544,4334713,3489841,-41974,-35258,-202919,125687,905876,321808,-102661,1330345
07-06-2021,DII,2176,40572,33893,1081347,267,51948,0,0,0,0,60683,0,88284,1182602,-38396,267,51948,-90077,-1047454,-60683,0,-1108137
07-06-2021,FII,100358,18494,684284,690157,285036,346591,179312,190492,55861,66892,98463,49875,1539022,1226793,81864,105724,156099,31489,-5873,-42602,17017,-65492
07-06-2021,Pro,20762,22256,233955,86504,356971,362538,427704,367666,166744,218697,385267,133053,1359667,1422450,-1494,-70733,-5128,-67099,147451,-218523,85644,-156716
07-06-2021,TOTAL,237138,237138,2026876,2026876,1737984,1801562,1737984,1801562,998654,519472,998654,519472,7321686,7321686,0,0,0,0,0,0,0,0
07-07-2020,Client,140401,127456,440454,242894,602171,941067,611285,909675,276139,147230,203569,147895,2547462,2242774,12945,-9114,31392,-27561,197560,72570,-665,270795
07-07-2020,DII,19674,26456,37122,803380,287,41972,0,0,0,0,5470,0,99055,835306,-6782,287,41972,-48467,-766258,-5470,0,-771728
07-07-2020,FII,52178,45138,932829,407388,192213,227342,139620,168648,22263,19573,31559,19615,1446398,811968,7040,52593,58694,939,525441,-9296,-42,516187
07-07-2020,Pro,22819,36022,129112,85855,228380,256613,272146,388671,96991,92619,154795,91912,826534,1029401,-13203,-43766,-132058,75089,43257,-57804,707,-15254
07-07-2020,TOTAL,235072,235072,1539517,1539517,1023051,1466994,1023051,1466994,395393,259422,395393,259422,4919449,4919449,0,0,0,0,0,0,0,0
07-07-2021,Client,164039,171868,1169049,182805,1308226,1672693,1434145,1826929,820367,254246,512346,399600,5388620,4527693,-7829,-125919,-154236,20488,986244,308021,-145354,1439619
07-07-2021,DII,2353,57794,26398,1180757,401,29154,0,0,0,0,63607,0,58306,1302158,-55441,401,29154,-84194,-1154359,-63607,0,-1217966
07-07-2021,FII,88989,33865,697690,705563,293320,378679,192489,240944,54854,56156,86196,47478,1569688,1306534,55124,100831,137735,18220,-7873,-31342,8678,-47893
07-07-2021,Pro,29447,21301,262096,86108,448281,534612,423594,547266,157047,248145,370119,111469,1679628,1559856,8146,24687,-12654,45487,175988,-213072,136676,-173760
07-07-2021,TOTAL,284828,284828,2155233,2155233,2050227,2615138,2050227,2615138,1032268,558547,1032268,558547,8696241,8696241,0,0,0,0,0,0,0,0
07-08-2020,Client,108910,102021,543050,175613,535142,739889,548036,808755,368894,149440,236530,179404,2445325,2050359,6889,-12894,-68866,62861,367437,132364,-29964,529765
07-08-2020,DII,11635,37920,20399,769032,267,39104,0,0,0,0,4783,0,71405,811735,-26285,267,39104,-65122,-748633,-4783,0,-753416
07-08-2020,FII,64541,45978,797735,479146,148586,209418,97213,142121,16453,19176,21035,13019,1255909,798512,18563,51373,67297,2639,318589,-4582,6157,307850
07-08-2020,Pro,22905,22072,149724,87117,189007,234719,227753,272254,80805,112058,203804,88251,789218,901251,833,-38746,-37535,-378,62607,-122999,23807,-84199
07-08-2020,TOTAL,207991,207991,1510908,1510908,873002,1223130,873002,1223130,466152,280674,466152,280674,4561857,4561857,0,0,0,0,0,0,0,0
07-09-2020,Client,110993,109887,579790,162581,841689,734113,760430,860411,474153,125446,276326,197517,2866184,2367152,1106,81259,-126298,208663,417209,197827,-72071,687107
07-09-2020,DII,8724,27224,30942,727055,267,34438,0,0,0,0,2507,0,74371,756786,-18500,267,34438,-52671,-696113,-2507,0,-698620
07-09-2020,FII,73438,54067,682343,519377,174867,289948,128438,177988,22510,20851,30421,13502,1263957,923793,19371,46429,111960,-46160,162966,-7911,7349,147706
07-09-2020,Pro,18608,20585,180138,64200,211788,225222,339743,245322,76510,143934,263919,79212,856200,1012981,-1977,-127955,-20100,-109832,115938,-187409,64722,-136193
07-09-2020,TOTAL,211763,211763,1473213,1473213,1228611,1283721,1228611,1283721,573173,290231,573173,290231,5060712,5060712,0,0,0,0,0,0,0,0
07-10-2020,Client,109036,116361,597273,157954,797307,1128213,801658,1161846,358335,145428,244761,176408,3135592,2658988,-7325,-4351,-33633,21957,439319,113574,-30980,583873
07-10-2020,DII,2023,34259,29796,733226,267,41333,0,0,0,0,389,0,73419,767874,-32236,267,41333,-73302,-703430,-389,0,-703819
07-10-2020,FII,82677,43275,651209,462484,250528,319571,139481,194668,16949,20149,22742,16311,1341083,878961,39402,111047,124903,25546,188725,-5793,3838,179094
07-10-2020,Pro,25846,25687,151003,75617,261725,257508,368688,390111,82980,107420,190372,80278,886482,1130753,159,-106963,-132603,25799,75386,-107392,27142,-59148
07-10-2020,TOTAL,219582,219582,1429281,1429281,1309827,1746625,1309827,1746625,458264,272997,458264,272997,5436576,5436576,0,0,0,0,0,0,0,0
07-12-2020,Client,118897,137616,648307,179790,705244,1155025,730426,1189700,381884,163851,255930,192248,3173208,2685710,-18719,-25182,-34675,-9226,468517,125954,-28397,622868
07-12-2020,DII,1998,43230,31750,752239,267,29744,0,0,0,0,2519,0,63759,797988,-41232,267,29744,-70709,-720489,-2519,0,-723008
07-12-2020,FII,108963,35012,751404,562528,222456,259602,151868,198447,13595,19517,21156,16390,1375537,985401,73951,70588,61155,83384,188876,-7561,3127,178188
07-12-2020,Pro,24211,38211,158989,95893,242401,300944,288074,357168,100850,120835,216724,95565,948230,1091635,-14000,-45673,-56224,-3449,63096,-115874,25270,-78048
07-12-2020,TOTAL,254069,254069,1590450,1590450,1170368,1745315,1170368,1745315,496329,304203,496329,304203,5560734,5560734,0,0,0,0,0,0,0,0
08-01-2020,Client,129078,111852,711352,205241,715575,701608,709668,852355,226115,103817,175467,133594,2587545,2188177,17226,5907,-150747,173880,506111,50648,-29777,586536
08-01-2020,DII,46455,25795,20789,1102009,4317,67921,0,0,0,0,671,0,139482,1128475,20660,4317,67921,-42944,-1081220,-671,0,-1081891
08-01-2020,FII,71168,75338,989858,476740,193216,305666,89892,144203,13070,18012,14741,10517,1590990,811431,-4170,103324,161463,-62309,513118,-1671,7495,503952
08-01-2020,Pro,15995,49711,146046,84055,194156,217628,307704,296265,47583,68344,95889,46062,689752,879686,-33716,-113548,-78637,-68627,61991,-48306,22282,-8597
08-01-2020,TOTAL,262696,262696,1868045,1868045,1107264,1292823,1107264,1292823,286768,190173,286768,190173,5007769,5007769,0,0,0,0,0,0,0,0
08-01-2021,Client,125390,162544,683161,212252,689748,1012144,714997,1089206,463949,171782,300136,230373,3146174,2709508,-37154,-25249,-77062,14659,470909,163813,-58591,693313
08-01-2021,DII,2137,43763,18622,752667,1397,25538,0,0,267,44,1082,0,48005,797512,-41626,1397,25538,-65767,-734045,-815,44,-734904
08-01-2021,FII,114479,26070,686932,517628,180967,255594,116324,175123,25636,26580,47123,25994,1290188,908262,88409,64643,80471,72581,169304,-21487,586,147231
08-01-2021,Pro,23090,32719,179591,85759,239892,313175,280683,342122,113028,146824,254539,88863,1015600,1084685,-9629,-40791,-28947,-21473,93832,-141511,57961,-105640
08-01-2021,TOTAL,265096,265096,1568306,1568306,1112004,1606451,1112004,1606451,602880,345230,602880,345230,5499967,5499967,0,0,0,0,0,0,0,0
08-02-2021,Client,133776,126345,741289,206867,788697,1047328,768681,1092928,526373,215138,338980,254404,3452601,2788205,7431,20016,-45600,73047,534422,187393,-39266,761081
08-02-2021,DII,1277,41228,24207,801552,267,8653,0,0,0,216,4510,0,34620,847290,-39951,267,8653,-48337,-777345,-4510,216,-782071
08-02-2021,FII,75167,41959,678344,520269,204156,322860,152768,228746,35333,35277,56284,34472,1351137,1034498,33208,51388,94114,-9518,158075,-20951,805,136319
08-02-2021,Pro,24327,25015,184442,99594,302626,327035,374297,384202,127885,157657,289817,119412,1123972,1292337,-688,-71671,-57167,-15192,84848,-161932,38245,-115329
08-02-2021,TOTAL,234547,234547,1628282,1628282,1295746,1705876,1295746,1705876,689591,408288,689591,408288,5962330,5962330,0,0,0,0,0,0,0,0
08-03-2021,Client,200411,160226,773989,221816,1190991,915209,1107915,1080765,571357,158835,352372,249922,3810792,3173016,40185,83076,-165556,288817,552173,218985,-91087,862245
08-03-2021,DII,598,45288,31518,818441,267,13210,0,0,0,0,13271,0,45593,877000,-44690,267,13210,-57633,-786923,-13271,0,-800194
08-03-2021,FII,78013,67065,645484,523920,215155,330985,166507,185548,36673,34968,47953,31811,1341278,1022804,10948,48648,145437,-85841,121564,-11280,3157,107127
08-03-2021,Pro,28212,34655,197379,84193,348136,351329,480127,344420,100079,171119,294513,83189,1196254,1321097,-6443,-131991,6909,-145343,113186,-194434,87930,-169178
08-03-2021,TOTAL,307234,307234,1648370,1648370,1754549,1610733,1754549,1610733,708109,364922,708109,364922,6393917,6393917,0,0,0,0,0,0,0,0
08-04-2020,Client,81430,88226,320906,151180,459448,518631,419257,559152,104692,73765,92357,57238,1558872,1367410,-6796,40191,-40521,73916,169726,12335,16527,165534
08-04-2020,DII,43225,4561,56545,787732,4530,62007,0,0,0,0,1893,0,166307,794186,38664,4530,62007,-18813,-731187,-1893,0,-733080
08-04-2020,FII,52931,80538,985961,434629,133128,170603,98498,121823,4969,5386,5393,5012,1352978,745893,-27607,34630,48780,-41757,551332,-424,374,550534
08-04-2020,Pro,20083,24344,80655,70526,111932,123345,191283,193611,46514,30674,56532,47575,413203,583871,-4261,-79351,-70266,-13346,10129,-10018,-16901,17012
08-04-2020,TOTAL,197669,197669,1444067,1444067,709038,874586,709038,874586,156175,109825,156175,109825,3491360,3491360,0,0,0,0,0,0,0,0
08-04-2021,Client,147861,136853,876923,219857,556452,601868,570710,738738,458839,179730,296018,235429,2821673,2197605,11008,-14258,-136870,133620,657066,162821,-55699,875586
08-04-2021,DII,688,27775,21144,865896,267,7728,0,0,0,3,27665,0,29830,921336,-27087,267,7728,-34548,-844752,-27665,3,-872420
08-04-2021,FII,62459,40184,587118,482995,154913,271626,103199,130186,35334,35184,45890,34568,1146634,837022,22275,51714,141440,-67451,104123,-10556,616,92951
08-04-2021,Pro,16904,23100,166561,82998,179404,183454,217127,195752,101779,140351,226379,85271,788453,830627,-6196,-37723,-12298,-31621,83563,-124600,55080,-96117
08-04-2021,TOTAL,227912,227912,1651746,1651746,891036,1064676,891036,1064676,595952,355268,595952,355268,4786590,4786590,0,0,0,0,0,0,0,0
08-05-2020,Client,92734,107516,392037,182977,437957,389548,424411,509218,224227,102512,165848,103210,1639015,1493180,-14782,13546,-119670,118434,209060,58379,-698,268137
08-05-2020,DII,21522,7122,50778,773448,4584,61465,0,0,0,0,891,0,138349,781461,14400,4584,61465,-42481,-722670,-891,0,-723561
08-05-2020,FII,52958,50102,993356,529890,109622,175463,80275,98384,9856,13998,13946,10053,1355253,782650,2856,29347,77079,-44876,463466,-4090,3945,455431
08-05-2020,Pro,20458,22932,118604,68460,116431,135687,163908,154561,59886,62273,113284,65520,513339,588665,-2474,-47477,-18874,-31077,50144,-53398,-3247,-7
08-05-2020,TOTAL,187672,187672,1554775,1554775,668594,762163,668594,762163,293969,178783,293969,178783,3645956,3645956,0,0,0,0,0,0,0,0
08-06-2020,Client,114068,136441,430015,223009,625391,750499,612154,795527,244590,178032,195718,144243,2342595,2107092,-22373,13237,-45028,35892,207006,48872,33789,222089
08-06-2020,DII,33449,14390,59170,901575,4584,70808,0,0,13,0,1672,0,168024,917637,19059,4584,70808,-47165,-842405,-1659,0,-844064
08-06-2020,FII,63469,59088,1063446,450362,216704,226696,148409,158822,17890,18418,22610,21713,1606623,861004,4381,68295,67874,4802,613084,-4720,-3295,611659
08-06-2020,Pro,27124,28191,125405,103090,205019,182307,291135,275961,104867,82084,147360,112578,726806,958315,-1067,-86116,-93654,6471,22315,-42493,-30494,10316
08-06-2020,TOTAL,238110,238110,1678036,1678036,1051698,1230310,1051698,1230310,367360,278534,367360,278534,4844048,4844048,0,0,0,0,0,0,0,0
08-06-2021,Client,117046,154533,1077845,171863,1327213,1103021,1326019,1323779,828507,243724,482100,349785,4697356,3808079,-37487,1194,-220758,184465,905982,346407,-106061,1358450
08-06-2021,DII,2170,41578,33934,1077289,267,57602,0,0,0,0,66659,0,93973,1185526,-39408,267,57602,-96743,-1043355,-66659,0,-1110014
08-06-2021,FII,100133,19220,678890,689317,311997,359791,210199,190127,57899,70916,104785,51947,1579626,1265595,80913,101798,169664,13047,-10427,-46886,18969,-76282
08-06-2021,Pro,20666,24684,237057,89257,387991,390830,491250,397338,171427,224779,404289,137687,1432750,1544505,-4018,-103259,-6508,-100769,147800,-232862,87092,-172154
08-06-2021,TOTAL,240015,240015,2027726,2027726,2027468,1911244,2027468,1911244,1057833,539419,1057833,539419,7803705,7803705,0,0,0,0,0,0,0,0
08-07-2020,Client,132377,131203,437911,226929,751057,907318,702637,896116,299148,147624,212391,155120,2675435,2324396,1174,48420,11202,38392,210982,86757,-7496,305235
08-07-2020,DII,16775,25065,38381,804093,267,41972,0,0,0,0,7264,0,97395,836422,-8290,267,41972,-49995,-765712,-7264,0,-772976
08-07-2020,FII,63696,42331,929382,417804,196710,249298,136590,182888,24422,20893,34582,20303,1484401,834498,21365,60120,66410,15075,511578,-10160,590,500828
08-07-2020,Pro,20048,34297,130937,87785,235975,242180,344782,361764,97654,99629,166987,92723,826423,1088338,-14249,-108807,-119584,-3472,43152,-69333,6906,-33087
08-07-2020,TOTAL,232896,232896,1536611,1536611,1184009,1440768,1184009,1440768,421224,268146,421224,268146,5083654,5083654,0,0,0,0,0,0,0,0
08-07-2021,Client,179341,166810,1169208,191769,1011624,844798,1028803,1117125,890506,244937,533757,416067,4340414,3454331,12531,-17179,-272327,267679,977439,356749,-171130,1505318
08-07-2021,DII,2377,53007,26887,1176239,401,30070,0,0,0,0,67080,0,59735,1296326,-50630,401,30070,-80299,-1149352,-67080,0,-1216432
08-07-2021,FII,80441,61370,689294,708881,217886,344156,131668,153407,56868,60956,96000,49002,1449601,1200328,19071,86218,190749,-85460,-19587,-39132,11954,-70673
08-07-2021,Pro,36908,17880,274636,83136,259243,331658,328683,280151,150132,269102,400669,109926,1321679,1220444,19028,-69440,51507,-101919,191500,-250537,159176,-218213
08-07-2021,TOTAL,299067,299067,2160025,2160025,1489154,1550682,1489154,1550682,1097506,574995,1097506,574995,7171429,7171429,0,0,0,0,0,0,0,0
08-09-2020,Client,112025,114394,572935,162209,906353,762708,800867,898048,490706,130608,286915,201241,2975335,2463674,-2369,105486,-135340,238457,410726,203791,-70633,685150
08-09-2020,DII,8724,30465,31330,724107,267,34241,0,0,0,0,2937,0,74562,757509,-21741,267,34241,-55715,-692777,-2937,0,-695714
08-09-2020,FII,72709,50729,682980,518492,172299,293897,125503,177055,23963,20542,32742,13769,1266390,918290,21980,46796,116842,-48066,164488,-8779,6773,148936
08-09-2020,Pro,21209,19079,179627,62064,209987,245448,362536,261191,78694,146219,270769,82359,881184,1057998,2130,-152549,-15743,-134676,117563,-192075,63860,-138372
08-09-2020,TOTAL,214667,214667,1466872,1466872,1288906,1336294,1288906,1336294,593363,297369,593363,297369,5197471,5197471,0,0,0,0,0,0,0,0
08-10-2020,Client,96247,122358,592874,153663,466828,627312,513382,749426,378343,154368,258705,183774,2315972,1981308,-26111,-46554,-122114,49449,439211,119638,-29406,588255
08-10-2020,DII,2014,35425,29548,729589,267,41998,0,0,0,0,389,0,73827,765403,-33411,267,41998,-75142,-700041,-389,0,-700430
08-10-2020,FII,104493,49032,654969,469778,189605,290264,94291,179559,18308,21281,24771,17216,1278920,834647,55461,95314,110705,40070,185191,-6463,4065,174663
08-10-2020,Pro,29810,25749,153548,77909,155892,165393,204919,195982,85856,113561,198642,88220,704060,791421,4061,-49027,-30589,-14377,75639,-112786,25341,-62488
08-10-2020,TOTAL,232564,232564,1430939,1430939,812592,1124967,812592,1124967,482507,289210,482507,289210,4372779,4372779,0,0,0,0,0,0,0,0
08-12-2020,Client,122024,140821,647354,189308,809517,1235641,802619,1270251,413658,166592,271075,203016,3394786,2877090,-18797,6898,-34610,22711,458046,142583,-36424,637053
08-12-2020,DII,1791,45230,32280,745309,267,30003,0,0,0,0,2819,0,64341,793358,-43439,267,30003,-73175,-713029,-2819,0,-715848
08-12-2020,FII,106016,35268,753909,567705,207447,251937,145233,190629,14644,20464,22867,16820,1354417,978522,70748,62214,61308,71654,186204,-8223,3644,174337
08-12-2020,Pro,24804,33316,161707,92928,256924,309357,326303,366058,102516,129894,234057,97114,985202,1149776,-8512,-69379,-56701,-21190,68779,-131541,32780,-95542
08-12-2020,TOTAL,254635,254635,1595250,1595250,1274155,1826938,1274155,1826938,530818,316950,530818,316950,5798746,5798746,0,0,0,0,0,0,0,0
09-01-2020,Client,129739,131567,716521,210461,333172,512667,447458,676815,219902,111884,178635,137429,2023885,1782365,-1828,-114286,-164148,48034,506060,41267,-25545,572872
09-01-2020,DII,46339,33643,19689,1103263,4317,67921,0,0,0,0,663,0,138266,1137569,12696,4317,67921,-50908,-1083574,-663,0,-1084237
09-01-2020,FII,78992,70965,993307,475626,186901,279644,66732,110857,14271,21047,15112,11785,1574162,751077,8027,120169,168787,-40591,517681,-841,9262,507578
09-01-2020,Pro,19728,38623,147572,87739,128509,151714,138709,224274,54613,65954,94376,49671,568090,633392,-18895,-10200,-72560,43465,59833,-39763,16283,3787
09-01-2020,TOTAL,274798,274798,1877089,1877089,652899,1011946,652899,1011946,288786,198885,288786,198885,4304403,4304403,0,0,0,0,0,0,0,0
09-02-2021,Client,131584,128190,742302,207144,895762,1106684,859157,1149296,547681,223023,356660,262530,3647036,2962977,3394,36605,-42612,82611,535158,191021,-39507,765686
09-02-2021,DII,881,41228,23895,803008,267,8653,0,0,0,216,4832,0,33912,849068,-40347,267,8653,-48733,-779113,-4832,216,-784161
09-02-2021,FII,76392,39707,679701,519076,224727,328958,170864,242248,38267,36900,60686,35987,1384945,1068568,36685,53863,86710,3838,160625,-22419,913,137293
09-02-2021,Pro,25769,25501,186301,102971,308993,333933,399728,386684,133327,162615,297097,124237,1150938,1336218,268,-90735,-52751,-37716,83330,-163770,38378,-118818
09-02-2021,TOTAL,234626,234626,1632199,1632199,1429749,1778228,1429749,1778228,719275,422754,719275,422754,6216831,6216831,0,0,0,0,0,0,0,0
09-03-2020,Client,231606,94987,690611,207619,737424,386952,660963,663569,269673,78532,180666,118476,2394798,1926280,136619,76461,-276617,489697,482992,89007,-39944,611943
09-03-2020,DII,41297,9003,42108,1031600,18651,75961,0,0,0,0,1920,0,178017,1042523,32294,18651,75961,-25016,-989492,-1920,0,-991412
09-03-2020,FII,38422,208170,936239,532102,219437,385093,151051,150563,20688,14220,19483,11985,1614099,1073354,-169748,68386,234530,-335892,404137,1205,2235,403107
09-03-2020,Pro,26058,25223,174035,71672,152278,161654,315776,195528,43760,85433,132052,47724,643218,787975,835,-163498,-33874,-128789,102363,-88292,37709,-23638
09-03-2020,TOTAL,337383,337383,1842993,1842993,1127790,1009660,1127790,1009660,334121,178185,334121,178185,4830132,4830132,0,0,0,0,0,0,0,0
09-03-2021,Client,190919,156939,777248,205209,1136590,1059946,1095979,1164073,587200,163896,365363,256184,3915799,3243747,33980,40611,-104127,178718,572039,221837,-92288,886164
09-03-2021,DII,613,48187,29574,822299,267,13210,0,0,0,0,12868,0,43664,883354,-47574,267,13210,-60517,-792725,-12868,0,-805593
09-03-2021,FII,80477,52939,644524,540073,267985,344518,192936,189728,37529,35599,48883,33111,1410632,1057670,27538,75049,154790,-52203,104451,-11354,2488,90609
09-03-2021,Pro,22000,35944,202509,86274,325041,338043,440968,401916,104164,177088,301779,87288,1168845,1354169,-13944,-115927,-63873,-65998,116235,-197615,89800,-171180
09-03-2021,TOTAL,294009,294009,1653855,1653855,1729883,1755717,1729883,1755717,728893,376583,728893,376583,6538940,6538940,0,0,0,0,0,0,0,0
09-04-2020,Client,93256,110767,310034,174524,259561,348552,273512,433169,107141,87236,97576,63226,1205780,1152774,-17511,-13951,-84617,53155,135510,9565,24010,121065
09-04-2020,DII,38238,6140,64410,770057,4530,61741,0,0,0,0,1893,0,168919,778090,32098,4530,61741,-25113,-705647,-1893,0,-707540
09-04-2020,FII,63410,80698,996629,430006,115383,151578,81560,98780,5165,5743,5417,5503,1337908,701964,-17288,33823,52798,-36263,566623,-252,240,566131
09-04-2020,Pro,23319,20618,85696,82182,65372,84130,89774,114052,51686,31376,59106,55626,341579,421358,2701,-24402,-29922,8221,3514,-7420,-24250,20344
09-04-2020,TOTAL,218223,218223,1456769,1456769,444846,646001,444846,646001,163992,124355,163992,124355,3054186,3054186,0,0,0,0,0,0,0,0
09-04-2021,Client,158840,136419,896238,240444,828272,779504,847154,950874,515684,184419,320285,247288,3362957,2742464,22421,-18882,-171370,174909,655794,195399,-62869,914062
09-04-2021,DII,687,29108,22965,869637,267,7728,0,0,222,3,29540,0,31872,928285,-28421,267,7728,-35882,-846672,-29318,3,-875993
09-04-2021,FII,63449,46750,585247,484614,193775,305666,140725,148802,37930,37469,50712,36188,1223536,907791,16699,53050,156864,-87115,100633,-12782,1281,86570
09-04-2021,Pro,18381,29080,179078,88833,284025,285400,318460,278622,107165,152381,260464,90796,1026430,1066255,-10699,-34435,6778,-51912,90245,-153299,61585,-124639
09-04-2021,TOTAL,241357,241357,1683528,1683528,1306339,1378298,1306339,1378298,661001,374272,661001,374272,5644795,5644795,0,0,0,0,0,0,0,0
09-06-2020,Client,120041,140464,416014,234107,754904,758677,698475,813803,262647,178257,206227,150549,2490540,2243625,-20423,56429,-55126,91132,181907,56420,27708,210619
09-06-2020,DII,32169,16804,57239,895236,4584,70808,0,0,13,0,2302,0,164813,914342,15365,4584,70808,-50859,-837997,-2289,0,-840286
09-06-2020,FII,66043,56570,1075669,442566,220735,232520,158611,165912,19528,19798,24324,22422,1634293,870405,9473,62124,66608,4989,633103,-4796,-2624,630931
09-06-2020,Pro,26786,31201,122381,99394,217708,194189,340845,276479,103921,87461,153256,112545,752446,1013720,-4415,-123137,-82290,-45262,22987,-49335,-25084,-1264
09-06-2020,TOTAL,245039,245039,1671303,1671303,1197931,1256194,1197931,1256194,386109,285516,386109,285516,5042092,5042092,0,0,0,0,0,0,0,0
09-06-2021,Client,109738,156378,1065416,168407,1554979,1079361,1465622,1294595,893685,231999,504614,362411,4935178,3952027,-46640,89357,-215234,257951,897009,389071,-130412,1416492
09-06-2021,DII,2170,40176,31412,1071656,267,56777,0,0,0,0,70797,0,90626,1182629,-38006,267,56777,-94516,-1040244,-70797,0,-1111041
09-06-2021,FII,102685,17100,685002,694562,281911,317183,214810,191429,58273,75910,113463,52901,1520964,1284265,85585,67101,125754,26932,-9560,-55190,23009,-87759
09-06-2021,Pro,22638,23577,240609,87814,397696,399050,554421,366347,175086,244123,438170,136720,1479202,1607049,-939,-156725,32703,-190367,152795,-263084,107403,-217692
09-06-2021,TOTAL,237231,237231,2022439,2022439,2234853,1852371,2234853,1852371,1127044,552032,1127044,552032,8025970,8025970,0,0,0,0,0,0,0,0
09-07-2020,Client,126279,138938,451125,222266,365419,595520,412036,630593,318396,165430,228444,164244,2022169,1796521,-12659,-46617,-35073,-24203,228859,89952,1186,317625
09-07-2020,DII,16846,25413,37662,802855,267,41972,0,0,0,0,7630,0,96747,835898,-8567,267,41972,-50272,-765193,-7630,0,-772823
09-07-2020,FII,78735,41242,918215,420945,157718,207011,104228,147852,25828,21842,35923,21187,1409349,771377,37493,53490,59159,31824,497270,-10095,655,486520
09-07-2020,Pro,21227,37494,132039,92975,166969,168100,174109,234158,104574,102470,176801,104311,695379,819848,-16267,-7140,-66058,42651,39064,-72227,-1841,-31322
09-07-2020,TOTAL,243087,243087,1539041,1539041,690373,1012603,690373,1012603,448798,289742,448798,289742,4223644,4223644,0,0,0,0,0,0,0,0
09-07-2021,Client,178386,158223,1180169,192773,1373780,1060855,1401776,1395242,917034,252758,553616,419567,4962982,4121197,20163,-27996,-334387,326554,987396,363418,-166809,1517623
09-07-2021,DII,2383,53097,25765,1187121,401,26570,0,0,0,0,71910,0,55119,1312128,-50714,401,26570,-76883,-1161356,-71910,0,-1233266
09-07-2021,FII,78173,64280,687321,705530,341014,409771,233192,179345,57858,62234,98740,51270,1636371,1332356,13893,107822,230426,-108711,-18209,-40882,10964,-70055
09-07-2021,Pro,36678,20020,276618,84449,375577,430737,455804,353346,154207,271078,404833,115233,1544895,1433685,16658,-80227,77391,-140960,192169,-250626,155845,-214302
09-07-2021,TOTAL,295620,295620,2169873,2169873,2090771,1927933,2090771,1927933,1129099,586070,1129099,586070,8199366,8199366,0,0,0,0,0,0,0,0
09-09-2020,Client,110768,106860,584549,153048,1060164,814831,885684,958585,510993,132063,298817,203868,3213368,2606862,3908,174480,-143754,322142,431501,212176,-71805,715482
09-09-2020,DII,8342,23675,28019,736113,267,34241,0,0,0,0,2937,0,70869,762725,-15333,267,34241,-49307,-708094,-2937,0,-711031
09-09-2020,FII,67979,56123,687318,523907,192238,319880,151401,181176,24757,21688,34134,14352,1313860,961093,11856,40837,138704,-86011,163411,-9377,7336,146698
09-09-2020,Pro,22399,22830,182671,69489,252834,273607,468418,302798,76533,146859,276395,82390,954903,1222320,-431,-215584,-29191,-186824,113182,-199862,64469,-151149
09-09-2020,TOTAL,209488,209488,1482557,1482557,1505503,1442559,1505503,1442559,612283,300610,612283,300610,5553000,5553000,0,0,0,0,0,0,0,0
09-10-2020,Client,106891,131157,601318,153862,589543,909931,631181,987187,394610,165304,271986,191638,2767597,2367011,-24266,-41638,-77256,11352,447456,122624,-26334,596414
09-10-2020,DII,1985,35203,29638,730356,267,41712,0,0,0,0,389,0,73602,765948,-33218,267,41712,-74663,-700718,-389,0,-701107
09-10-2020,FII,108821,43249,650375,474239,219611,319739,120749,209872,20175,21757,26221,17846,1340478,892176,65572,98862,109867,54567,176136,-6046,3911,166179
09-10-2020,Pro,27150,35238,160741,83615,193853,219965,251344,294288,94653,117587,210842,95164,813949,970491,-8088,-57491,-74323,8744,77126,-116189,22423,-61486
09-10-2020,TOTAL,244847,244847,1442072,1442072,1003274,1491347,1003274,1491347,509438,304648,509438,304648,4995626,4995626,0,0,0,0,0,0,0,0
09-11-2020,Client,129820,139546,616074,207812,602001,1111293,640517,1105687,362929,189969,264666,175239,3012086,2533467,-9726,-38516,5606,-53848,408262,98263,14730,491795
09-11-2020,DII,3522,35254,30256,775945,267,30396,0,0,0,18,2045,0,64459,813244,-31732,267,30396,-61861,-745689,-2045,18,-747752
09-11-2020,FII,93820,40168,773330,488871,206785,319515,123181,236200,16246,18780,23213,17082,1428476,928715,53652,83604,83315,53941,284459,-6967,1698,275794
09-11-2020,Pro,19962,32156,149857,96889,239943,274862,285298,394179,102890,96016,192141,112462,883530,1113125,-12194,-45355,-119317,61768,52968,-89251,-16446,-19837
09-11-2020,TOTAL,247124,247124,1569517,1569517,1048996,1736066,1048996,1736066,482065,304783,482065,304783,5388551,5388551,0,0,0,0,0,0,0,0
09-12-2020,Client,125639,149587,649507,192137,768445,1411667,798199,1376320,418310,179660,280004,211808,3553228,3008055,-23948,-29754,35347,-89049,457370,138306,-32148,627824
09-12-2020,DII,2321,45230,31850,739761,267,30003,0,0,373,0,2838,0,64814,787829,-42909,267,30003,-72645,-707911,-2465,0,-710376
09-12-2020,FII,109047,32370,744867,566411,220831,264174,149418,210154,15476,20822,22754,16616,1375217,997723,76677,71413,54020,94070,178456,-7278,4206,166972
09-12-2020,Pro,24694,34514,162484,90399,275790,315090,317716,434460,106687,131616,235250,103674,1016361,1216013,-9820,-41926,-119370,67624,72085,-128563,27942,-84420
09-12-2020,TOTAL,261701,261701,1588708,1588708,1265333,2020934,1265333,2020934,540846,332098,540846,332098,6009620,6009620,0,0,0,0,0,0,0,0
10-01-2020,Client,120808,127207,715287,210877,442686,577257,540706,755653,227888,116044,186446,141018,2199970,1961907,-6399,-98020,-178396,73977,504410,41442,-24974,570826
10-01-2020,DII,46339,33643,21291,1096291,4317,67921,0,0,50,0,663,0,139918,1130597,12696,4317,67921,-50908,-1075000,-613,0,-1075613
10-01-2020,FII,83447,72215,998596,485019,199592,298587,77623,122745,14961,21975,16000,12944,1617158,786546,11232,121969,175842,-42641,513577,-1039,9031,503507
10-01-2020,Pro,18791,36320,146478,89465,141515,174654,169781,240021,57182,66959,96972,51016,605579,683575,-17529,-28266,-65367,19572,57013,-39790,15943,1280
10-01-2020,TOTAL,269385,269385,1881652,1881652,788110,1118419,788110,1118419,300081,204978,300081,204978,4562625,4562625,0,0,0,0,0,0,0,0
10-02-2020,Client,186539,77939,799172,248673,587137,594413,608484,789448,322148,126907,226390,155129,2616316,2106063,108600,-21347,-195035,282288,550499,95758,-28222,674479
10-02-2020,DII,29224,18451,37223,1043362,4317,83777,0,0,3365,0,856,0,157906,1062669,10773,4317,83777,-68687,-1006139,2509,0,-1003630
10-02-2020,FII,28400,145288,979154,600844,185184,293382,87254,124592,16431,17785,17703,12778,1520336,988459,-116888,97930,168790,-187748,378310,-1272,5007,372031
10-02-2020,Pro,15479,17964,173416,96086,142581,163806,223481,221338,55945,83048,152940,59833,634275,771642,-2485,-80900,-57532,-25853,77330,-96995,23215,-42880
10-02-2020,TOTAL,259642,259642,1988965,1988965,919219,1135378,919219,1135378,397889,227740,397889,227740,4928833,4928833,0,0,0,0,0,0,0,0
10-02-2021,Client,128826,126103,744375,203189,1058146,1160829,991231,1193994,576729,228345,375524,270408,3897250,3160449,2723,66915,-33165,102803,541186,201205,-42063,784454
10-02-2021,DII,868,41812,22704,803690,267,8653,0,0,0,216,4832,0,32708,850334,-40944,267,8653,-49330,-780986,-4832,216,-786034
10-02-2021,FII,76454,39075,679198,523492,248732,346224,182868,249764,38847,38372,64096,37267,1427827,1096562,37379,65864,96460,6783,155706,-25249,1105,129352
10-02-2021,Pro,25539,24697,187248,103154,315380,315388,448426,387336,132010,166673,303134,125931,1142238,1392678,842,-133046,-71948,-60256,84094,-171124,40742,-127772
10-02-2021,TOTAL,231687,231687,1633525,1633525,1622525,1831094,1622525,1831094,747586,433606,747586,433606,6500023,6500023,0,0,0,0,0,0,0,0
10-03-2021,Client,189299,158133,781066,197634,571786,624780,605171,751190,600875,173943,375771,259006,2941749,2346905,31166,-33385,-126410,124191,583432,225104,-85063,893599
10-03-2021,DII,635,51037,29233,823484,267,13210,0,0,0,0,12768,0,43345,887289,-50402,267,13210,-63345,-794251,-12768,0,-807019
10-03-2021,FII,78999,50842,636446,537606,183937,294820,109073,155441,38967,36354,50463,33944,1269523,937369,28157,74864,139379,-36358,98840,-11496,2410,84934
10-03-2021,Pro,21959,30880,200412,88433,177481,222964,219227,249143,106564,173239,307404,90586,902619,985673,-8921,-41746,-26179,-24488,111979,-200840,82653,-171514
10-03-2021,TOTAL,290892,290892,1647157,1647157,933471,1155774,933471,1155774,746406,383536,746406,383536,5157236,5157236,0,0,0,0,0,0,0,0
10-05-2021,Client,160347,115284,965031,261566,894916,1098620,957071,1220688,585997,237547,364181,279996,3942458,3198786,45063,-62155,-122068,104976,703465,221816,-42449,967730
10-05-2021,DII,3066,40240,38270,1086828,267,20494,0,0,0,0,35070,0,62097,1162138,-37174,267,20494,-57401,-1048558,-35070,0,-1083628
10-05-2021,FII,51739,49168,816640,582611,283562,337506,178044,200694,40410,43211,58966,43772,1573068,1113255,2571,105518,136812,-28723,234029,-18556,-561,216034
10-05-2021,Pro,12889,23349,212036,100972,358847,355446,402477,390684,138609,175501,306799,132491,1253328,1356772,-10460,-43630,-35238,-18852,111064,-168190,43010,-100136
10-05-2021,TOTAL,228041,228041,2031977,2031977,1537592,1812066,1537592,1812066,765016,456259,765016,456259,6830951,6830951,0,0,0,0,0,0,0,0
10-06-2020,Client,120270,137391,436926,233928,701354,874968,684999,891971,274173,195413,218690,158642,2603104,2325621,-17121,16355,-17003,16237,202998,55483,36771,221710
10-06-2020,DII,30916,17474,57198,907549,4584,70958,0,0,25,0,2552,0,163681,927575,13442,4584,70958,-52932,-850351,-2527,0,-852878
10-06-2020,FII,72461,56682,1070297,440346,228213,233876,157339,180112,20036,20684,24810,23771,1645567,883060,15779,70874,53764,32889,629951,-4774,-3087,628264
10-06-2020,Pro,23441,35541,124899,107497,226134,212018,317947,319737,108116,85482,156298,119166,780090,1056186,-12100,-91813,-107719,3806,17402,-48182,-33684,2904
10-06-2020,TOTAL,247088,247088,1689320,1689320,1160285,1391820,1160285,1391820,402350,301579,402350,301579,5192442,5192442,0,0,0,0,0,0,0,0
10-06-2021,Client,124370,154441,1069092,185467,619342,731129,686996,886794,900722,260460,520206,370542,3705115,2804446,-30071,-67654,-155665,57940,883625,380516,-110082,1374223
10-06-2021,DII,2170,40172,31889,1068240,267,58864,0,0,0,0,74038,0,93190,1182450,-38002,267,58864,-96599,-1036351,-74038,0,-1110389
10-06-2021,FII,98089,20869,700400,690837,191145,256765,89588,132956,63989,77506,116594,56703,1387894,1107547,77220,101557,123809,54968,9563,-52605,20803,-63845
10-06-2021,Pro,18766,27913,239808,96645,179765,212265,213935,239273,183855,237403,437728,148124,1071862,1163618,-9147,-34170,-27008,-16309,143163,-253873,89279,-199989
10-06-2021,TOTAL,243395,243395,2041189,2041189,990519,1259023,990519,1259023,1148566,575369,1148566,575369,6258061,6258061,0,0,0,0,0,0,0,0
10-07-2020,Client,141745,136660,470477,234247,610389,678815,601688,754907,357229,161728,242771,172120,2420383,2142393,5085,8701,-76092,89878,236230,114458,-10392,361080
10-07-2020,DII,16084,25738,32930,798237,267,41997,0,0,0,0,7930,0,91278,831905,-9654,267,41997,-51384,-765307,-7930,0,-773237
10-07-2020,FII,64829,48517,910228,432803,167303,252530,124624,163897,26886,23181,37827,21786,1444957,829454,16312,42679,88633,-29642,477425,-10941,1395,465089
10-07-2020,Pro,27166,38909,140114,88462,205047,225521,256694,280059,101249,111870,196836,102873,810967,963833,-11743,-51647,-54538,-8852,51652,-95587,8997,-52932
10-07-2020,TOTAL,249824,249824,1553749,1553749,983006,1198863,983006,1198863,485364,296779,485364,296779,4767585,4767585,0,0,0,0,0,0,0,0
10-08-2020,Client,101109,104152,543703,171212,601552,789059,578855,856254,381302,162138,247929,187605,2578863,2146007,-3043,22697,-67195,86849,372491,133373,-25467,531331
10-08-2020,DII,11635,37989,20252,763582,267,35721,0,0,0,0,5693,0,67875,807264,-26354,267,35721,-61808,-743330,-5693,0,-749023
10-08-2020,FII,64189,45071,802478,494197,148379,215135,99422,140376,17435,20174,22746,14139,1267790,815951,19118,48957,74759,-6684,308281,-5311,6035,296935
10-08-2020,Pro,30231,19952,154091,91533,182292,239879,254213,283164,87189,114721,209558,95289,808403,953709,10279,-71921,-43285,-18357,62558,-122369,19432,-79243
10-08-2020,TOTAL,207164,207164,1520524,1520524,932490,1279794,932490,1279794,485926,297033,485926,297033,4722931,4722931,0,0,0,0,0,0,0,0
10-09-2020,Client,112132,107861,585050,162764,513181,574543,514880,722170,524316,147684,309569,212295,2456906,2029539,4271,-1699,-147627,150199,422286,214747,-64611,701644
10-09-2020,DII,6934,29572,26983,728807,267,34391,0,0,98,0,2968,0,68673,761347,-22638,267,34391,-56762,-701824,-2870,0,-704694
10-09-2020,FII,67371,48025,686681,520366,159720,286348,97517,155139,26292,22166,35262,14334,1248578,870643,19346,62203,131209,-49660,166315,-8970,7832,149513
10-09-2020,Pro,21190,22169,183908,70685,158179,197492,218950,215465,80833,146918,283740,90139,788520,901148,-979,-60771,-17973,-43777,113223,-202907,56779,-146463
10-09-2020,TOTAL,207627,207627,1482622,1482622,831347,1092774,831347,1092774,631539,316768,631539,316768,4562677,4562677,0,0,0,0,0,0,0,0
10-11-2020,Client,114052,148930,615740,193731,672725,1222705,687332,1192939,364718,209973,270504,181838,3199913,2675274,-34878,-14607,29766,-79251,422009,94214,28135,488088
10-11-2020,DII,3393,35566,31295,771281,267,30396,0,0,0,18,2845,0,65369,809692,-32173,267,30396,-62302,-739986,-2845,18,-742849
10-11-2020,FII,112176,37032,776154,499629,224966,346959,143402,260211,19206,19802,25213,18256,1499263,983743,75144,81564,86748,69960,276525,-6007,1546,268972
10-11-2020,Pro,25681,33774,149254,107802,271551,298631,338775,445541,112840,98756,198202,128455,956713,1252549,-8093,-67224,-146910,71593,41452,-85362,-29699,-14211
10-11-2020,TOTAL,255302,255302,1572443,1572443,1169509,1898691,1169509,1898691,496764,328549,496764,328549,5721258,5721258,0,0,0,0,0,0,0,0
10-12-2020,Client,122348,138479,657100,187721,496261,725081,506399,820518,453548,181287,297196,221226,2635625,2171539,-16131,-10138,-95437,69168,469379,156352,-39939,665670
10-12-2020,DII,2221,45214,28922,740411,267,38260,0,0,373,0,2838,0,70043,788463,-42993,267,38260,-80986,-711489,-2465,0,-713954
10-12-2020,FII,97665,34718,739356,578448,174742,232185,106468,167720,16711,21343,24746,17579,1282002,929679,62947,68274,64465,66756,160908,-8035,3764,149109
10-12-2020,Pro,24177,28000,172406,91204,155587,206763,213990,214051,108052,142556,253904,106381,809541,907530,-3823,-58403,-7288,-54938,81202,-145852,36175,-100825
10-12-2020,TOTAL,246411,246411,1597784,1597784,826857,1202289,826857,1202289,578684,345186,578684,345186,4797211,4797211,0,0,0,0,0,0,0,0
11-01-2021,Client,142105,162384,693918,237177,856914,1182394,843138,1249448,495854,188458,318790,244011,3559643,3054948,-20279,13776,-67054,60551,456741,177064,-55553,689358
11-01-2021,DII,2137,43763,18472,742738,1115,27554,0,0,267,44,1115,0,49589,787616,-41626,1115,27554,-68065,-724266,-848,44,-725158
11-01-2021,FII,102855,27796,691147,513475,199917,284610,135829,185941,28422,28609,51781,28018,1335560,942840,75059,64088,98669,40478,177672,-23359,591,153722
11-01-2021,Pro,24004,37158,179925,90072,285193,355563,364172,414732,118014,150887,270871,95969,1113586,1272974,-13154,-78979,-59169,-32964,89853,-152857,54918,-117922
11-01-2021,TOTAL,271101,271101,1583462,1583462,1343139,1850121,1343139,1850121,642557,367998,642557,367998,6058378,6058378,0,0,0,0,0,0,0,0
11-02-2020,Client,178918,81772,791059,237842,586211,685377,608984,867484,322967,135719,231463,158917,2700251,2186462,97146,-22773,-182107,256480,553217,91504,-23198,667919
11-02-2020,DII,29283,20516,36440,1054830,4317,83777,0,0,3365,0,1237,38,157182,1076621,8767,4317,83777,-70693,-1018390,2128,-38,-1016224
11-02-2020,FII,36610,137933,983152,593183,187114,300354,88127,121081,17656,18808,18492,13842,1543694,972658,-101323,98987,179273,-181609,389969,-836,4966,384167
11-02-2020,Pro,15505,20095,172562,97358,152323,170407,232854,251350,58124,80993,150920,62723,649914,815300,-4590,-80531,-80943,-4178,75204,-92796,18270,-35862
11-02-2020,TOTAL,260316,260316,1983213,1983213,929965,1239915,929965,1239915,402112,235520,402112,235520,5051041,5051041,0,0,0,0,0,0,0,0
11-02-2021,Client,131402,128577,751539,211139,499202,687045,520622,755610,598735,240180,389853,276989,2908103,2282790,2825,-21420,-68565,49970,540400,208882,-36809,786091
11-02-2021,DII,837,42040,21574,800360,267,8653,0,0,0,216,6242,0,31547,848642,-41203,267,8653,-49589,-778786,-6242,216,-785244
11-02-2021,FII,78683,40805,685625,529371,186608,287666,122513,192822,41623,40308,67895,39771,1320513,993177,37878,64095,94844,7129,156254,-26272,537,129445
11-02-2021,Pro,26496,25996,187948,105816,171288,202625,214230,237557,133517,167915,309885,131859,889789,1025343,500,-42942,-34932,-7510,82132,-176368,36056,-130292
11-02-2021,TOTAL,237418,237418,1646686,1646686,857365,1185989,857365,1185989,773875,448619,773875,448619,5149952,5149952,0,0,0,0,0,0,0,0
11-03-2020,Client,225121,108989,677418,211922,838044,516506,731281,754700,278530,89258,189578,121124,2624877,2117594,116132,106763,-238194,461089,465496,88952,-31866,586314
11-03-2020,DII,47009,8037,41551,1024224,18651,75622,0,0,0,0,1982,0,182833,1034243,38972,18651,75622,-17999,-982673,-1982,0,-984655
11-03-2020,FII,49315,200114,953951,535006,227487,397352,154195,170454,22084,14976,21010,13007,1665165,1093786,-150799,73292,226898,-304405,418945,1074,1969,418050
11-03-2020,Pro,24339,28644,172743,74511,165191,171147,363897,235473,47438,84596,135482,54699,665454,892706,-4305,-198706,-64326,-138685,98232,-88044,29897,-19709
11-03-2020,TOTAL,345784,345784,1845663,1845663,1249373,1160627,1249373,1160627,348052,188830,348052,188830,5138329,5138329,0,0,0,0,0,0,0,0
11-05-2020,Client,84649,109697,397138,177302,544177,442827,501485,559573,238903,109878,176504,110227,1817572,1634788,-25048,42692,-116746,134390,219836,62399,-349,282584
11-05-2020,DII,21988,7121,51509,781487,4584,61450,0,0,0,0,891,0,139531,789499,14867,4584,61450,-41999,-729978,-891,0,-730869
11-05-2020,FII,56272,41659,1005006,545572,113610,185056,88117,104473,10127,14793,14408,9728,1384864,803957,14613,25493,80583,-40477,459434,-4281,5065,450088
11-05-2020,Pro,18532,22964,122622,71914,136678,141312,209447,166599,62390,64540,119617,69256,546074,659797,-4432,-72769,-25287,-51914,50708,-57227,-4716,-1803
11-05-2020,TOTAL,181441,181441,1576275,1576275,799049,830645,799049,830645,311420,189211,311420,189211,3888041,3888041,0,0,0,0,0,0,0,0
11-05-2021,Client,159236,105023,977116,276628,1058720,1154918,1060906,1269830,647587,235898,388072,295511,4233475,3395970,54213,-2186,-114912,166939,700488,259515,-59613,1019616
11-05-2021,DII,3162,38757,37194,1082481,267,20994,0,0,0,0,36548,0,61617,1157786,-35595,267,20994,-56322,-1045287,-36548,0,-1081835
11-05-2021,FII,46306,64593,812651,589888,283126,358047,195202,232779,44402,45786,64201,45522,1590318,1192185,-18287,87924,125268,-55631,222763,-19799,264,202700
11-05-2021,Pro,17140,17471,224908,102872,354984,379243,440989,410593,143428,196340,346596,136991,1316043,1455512,-331,-86005,-31350,-54986,122036,-203168,59349,-140481
11-05-2021,TOTAL,225844,225844,2051869,2051869,1697097,1913202,1697097,1913202,835417,478024,835417,478024,7201453,7201453,0,0,0,0,0,0,0,0
11-06-2020,Client,127835,133980,431954,234448,422820,513400,444833,629734,314267,182872,234164,162326,1993148,1839485,-6145,-22013,-116334,88176,197506,80103,20546,257063
11-06-2020,DII,32223,18104,56430,899903,4584,71099,0,0,76,65,2860,0,164477,920867,14119,4584,71099,-52396,-843473,-2784,65,-846322
11-06-2020,FII,63993,62078,1063117,448685,192431,227880,139561,145319,21840,24217,27071,25969,1593478,848683,1915,52870,82561,-27776,614432,-5231,-1752,610953
11-06-2020,Pro,24558,34447,126454,94919,146454,145591,181895,182917,103040,97029,175128,115888,643126,785194,-9889,-35441,-37326,-8004,31535,-72088,-18859,-21694
11-06-2020,TOTAL,248609,248609,1677955,1677955,766289,957970,766289,957970,439223,304183,439223,304183,4394229,4394229,0,0,0,0,0,0,0,0
11-06-2021,Client,138067,159653,1078604,202875,963271,966806,1023650,1163202,941422,276422,545334,385392,4364592,3480106,-21586,-60379,-196396,114431,875729,396088,-108970,1380787
11-06-2021,DII,1792,43167,32566,1066004,267,65454,0,0,0,0,78023,0,100079,1187194,-41375,267,65454,-106562,-1033438,-78023,0,-1111461
11-06-2021,FII,95213,19645,706405,695629,248933,293554,160453,163229,66933,82026,123658,57983,1493064,1220597,75568,88480,130325,33723,10776,-56725,24043,-69992
11-06-2021,Pro,20727,33334,247688,100755,330271,323164,358639,322547,194502,243108,455842,158181,1359460,1429298,-12607,-28368,617,-41592,146933,-261340,84927,-199334
11-06-2021,TOTAL,255799,255799,2065263,2065263,1542742,1648978,1542742,1648978,1202857,601556,1202857,601556,7317195,7317195,0,0,0,0,0,0,0,0
11-08-2020,Client,103229,109104,557572,167071,682618,857114,649410,912610,405348,168252,261129,196076,2774133,2295400,-5875,33208,-55496,82829,390501,144219,-27824,562544
11-08-2020,DII,10512,38379,20188,758083,922,36721,0,0,0,0,5861,0,68343,802323,-27867,922,36721,-63666,-737895,-5861,0,-743756
11-08-2020,FII,65030,44374,785257,503268,162826,222111,115095,144941,18624,21402,24816,14878,1275250,847372,20656,47731,77170,-8783,281989,-6192,6524,269273
11-08-2020,Pro,36028,22942,156342,90937,218479,239103,300340,297498,89994,120945,222160,99645,860891,1033522,13086,-81861,-58395,-10380,65405,-132166,21300,-88061
11-08-2020,TOTAL,214799,214799,1519359,1519359,1064845,1355049,1064845,1355049,513966,310599,513966,310599,4978617,4978617,0,0,0,0,0,0,0,0
11-09-2020,Client,126518,108057,598064,175806,678005,710248,666935,867727,552564,156136,325095,219566,2821535,2363186,18461,11070,-157479,187010,422258,227469,-63430,713157
11-09-2020,DII,6726,34757,26872,728988,267,34441,0,0,98,0,3168,0,68404,766913,-28031,267,34441,-62205,-702116,-3070,0,-705186
11-09-2020,FII,67226,53090,687430,522829,177411,324749,119683,186913,27133,23513,36573,14899,1307462,933987,14136,57728,137836,-65972,164601,-9440,8614,146547
11-09-2020,Pro,21054,25620,189809,74552,189533,234589,258598,249387,83682,149090,298641,94274,867757,1001072,-4566,-69065,-14798,-58833,115257,-214959,54816,-154518
11-09-2020,TOTAL,221524,221524,1502175,1502175,1045216,1304027,1045216,1304027,663477,328739,663477,328739,5065158,5065158,0,0,0,0,0,0,0,0
11-11-2020,Client,109101,154835,608104,182707,792577,1343324,791565,1293848,376279,220295,280549,186119,3449680,2889623,-45734,1012,49476,-94198,425397,95730,34176,486951
11-11-2020,DII,3518,38009,32009,765834,267,30396,0,0,0,18,3720,0,66208,807563,-34491,267,30396,-64620,-733825,-3720,18,-737563
11-11-2020,FII,118561,40580,780259,507820,243934,360029,157578,275486,20175,21049,26242,18946,1544007,1026652,77981,86356,84543,79794,272439,-6067,2103,264269
11-11-2020,Pro,33325,31081,146150,110161,302479,329859,390114,494274,117152,98134,203095,134431,1027099,1363156,2244,-87635,-164415,79024,35989,-85943,-36297,-13657
11-11-2020,TOTAL,264505,264505,1566522,1566522,1339257,2063608,1339257,2063608,513606,339496,513606,339496,6086994,6086994,0,0,0,0,0,0,0,0
11-12-2020,Client,122383,144341,656845,198434,755356,928369,733441,1038683,484406,189894,312459,233912,3137253,2661270,-21958,21915,-110314,110271,458411,171947,-44018,674376
11-12-2020,DII,2541,47033,28392,730954,267,39060,0,0,373,0,2888,0,70633,780875,-44492,267,39060,-83285,-702562,-2515,0,-705077
11-12-2020,FII,96104,29424,738679,583453,200901,261239,143369,192556,17876,21818,26511,18227,1336617,993540,66680,57532,68683,55529,155226,-8635,3591,143000
11-12-2020,Pro,29599,29829,180884,91959,225120,310376,304834,307805,113375,152322,274172,111895,1011676,1120494,-230,-79714,2571,-82515,88925,-160797,40427,-112299
11-12-2020,TOTAL,250627,250627,1604800,1604800,1181644,1539044,1181644,1539044,616030,364034,616030,364034,5556179,5556179,0,0,0,0,0,0,0,0
12-01-2021,Client,154396,165162,718330,247798,895812,1319883,896023,1362057,519115,195570,334377,255683,3803106,3261100,-10766,-211,-42174,31197,470532,184738,-60113,715383
12-01-2021,DII,3082,43778,18200,755134,832,32349,0,0,267,44,1315,0,54774,800227,-40696,832,32349,-72213,-736934,-1048,44,-738026
12-01-2021,FII,92504,28963,697133,522591,207160,284255,148469,196679,32304,30669,55527,29316,1344025,981545,63541,58691,87576,34656,174542,-23223,1353,149966
12-01-2021,Pro,22872,34951,187838,95978,306391,364309,365703,442060,129875,160333,290342,101617,1171618,1330651,-12079,-59312,-77751,6360,91860,-160467,58716,-127323
12-01-2021,TOTAL,272854,272854,1621501,1621501,1410195,2000796,1410195,2000796,681561,386616,681561,386616,6373523,6373523,0,0,0,0,0,0,0,0
12-02-2020,Client,169772,88017,794266,235163,564455,838823,605568,964338,331420,145587,239093,165453,2844323,2297632,81755,-41113,-125515,166157,559103,92327,-19866,671296
12-02-2020,DII,28952,23796,35979,1064432,4317,83777,0,0,3112,0,2142,0,156137,1090370,5156,4317,83777,-74304,-1028453,970,0,-1027483
12-02-2020,FII,38040,126444,984662,588180,193189,308921,86675,130749,18049,18887,18462,13769,1561748,964279,-88404,106514,178172,-160062,396482,-413,5118,390951
12-02-2020,Pro,20648,19155,177538,104670,175345,168282,245063,304716,61010,82299,153894,67551,685122,895049,1493,-69718,-136434,68209,72868,-92884,14748,-34764
12-02-2020,TOTAL,257412,257412,1992445,1992445,937306,1399803,937306,1399803,413591,246773,413591,246773,5247330,5247330,0,0,0,0,0,0,0,0
12-02-2021,Client,138110,130761,749361,215003,685134,867840,690626,945028,639451,243313,407523,285067,3323209,2674008,7349,-5492,-77188,79045,534358,231928,-41754,808040
12-02-2021,DII,823,41735,22313,801610,267,8653,0,0,0,216,6791,0,32272,850136,-40912,267,8653,-49298,-779297,-6791,216,-786304
12-02-2021,FII,78688,48156,686329,531784,204442,305364,160363,216548,43176,41058,71743,40131,1359057,1068725,30532,44079,88816,-14205,154545,-28567,927,125051
12-02-2021,Pro,29161,26130,192527,102133,251219,270873,290073,291154,135478,177959,332048,137348,1057217,1178886,3031,-38854,-20281,-15542,90394,-196570,40611,-146787
12-02-2021,TOTAL,246782,246782,1650530,1650530,1141062,1452730,1141062,1452730,818105,462546,818105,462546,5771755,5771755,0,0,0,0,0,0,0,0
12-03-2020,Client,207451,103089,579833,181495,481700,259389,433492,512246,268837,70196,183944,105743,1867406,1520009,104362,48208,-252857,405427,398338,84893,-35547,518778
12-03-2020,DII,51591,8259,45713,990549,21811,69946,0,0,0,0,1982,0,189061,1000790,43332,21811,69946,-4803,-944836,-1982,0,-946818
12-03-2020,FII,48244,200962,990873,539659,184345,375190,145214,173320,24770,14949,24251,14206,1638371,1097612,-152718,39131,201870,-315457,451214,519,743,450990
12-03-2020,Pro,27468,22444,161955,66671,110974,122694,220124,141653,51771,84720,135201,49916,559582,636009,5024,-109150,-18959,-85167,95284,-83430,34804,-22950
12-03-2020,TOTAL,334754,334754,1778374,1778374,798830,827219,798830,827219,345378,169865,345378,169865,4254420,4254420,0,0,0,0,0,0,0,0
12-03-2021,Client,201281,173602,783092,194031,1047328,742770,988924,940857,635673,172011,395753,267343,3582155,2960510,27679,58404,-198087,284170,589061,239920,-95332,924313
12-03-2021,DII,690,49740,30893,819826,267,13210,0,0,0,0,12769,0,45060,882335,-49050,267,13210,-61993,-788933,-12769,0,-801702
12-03-2021,FII,74680,52704,623680,541140,251401,356231,193935,184890,37911,37183,51417,33860,1381086,1057946,21976,57466,171341,-91899,82540,-13506,3323,65711
12-03-2021,Pro,33555,34160,202992,85660,299652,311322,415789,297786,105437,183992,319082,91983,1136950,1244460,-605,-116137,13536,-130278,117332,-213645,92009,-188322
12-03-2021,TOTAL,310206,310206,1640657,1640657,1598648,1423533,1598648,1423533,779021,393186,779021,393186,6145251,6145251,0,0,0,0,0,0,0,0
12-04-2021,Client,158648,131349,863102,226881,1271999,727669,1139870,904545,577757,171284,340600,253995,3770459,2997240,27299,132129,-176876,336304,636221,237157,-82711,956089
12-04-2021,DII,697,29519,21716,866686,267,10653,0,0,222,3,30040,0,33558,926245,-28822,267,10653,-39208,-844970,-29818,3,-874791
12-04-2021,FII,60912,61131,594159,498697,225244,320151,167993,152282,41113,38844,58855,39666,1280423,978624,-219,57251,167869,-110837,95462,-17742,-822,78542
12-04-2021,Pro,24314,22572,190471,77184,344316,287839,533963,289485,108262,179011,297859,95481,1134213,1316544,1742,-189647,-1646,-186259,113287,-189597,83530,-159840
12-04-2021,TOTAL,244571,244571,1669448,1669448,1841826,1346312,1841826,1346312,727354,389142,727354,389142,6218653,6218653,0,0,0,0,0,0,0,0
12-05-2020,Client,89042,108030,418885,170683,561190,465514,498731,584539,255096,103563,181457,112747,1893290,1656187,-18988,62459,-119025,162496,248202,73639,-9184,331025
12-05-2020,DII,20723,6638,42147,804917,4584,61450,0,0,0,0,891,0,128904,812446,14085,4584,61450,-42781,-762770,-891,0,-763661
12-05-2020,FII,51577,51206,999340,542278,123651,191837,96933,111058,11014,15784,14700,10627,1393203,826802,371,26718,80779,-53690,457062,-3686,5157,448219
12-05-2020,Pro,23622,19090,131304,73798,135009,152618,228770,175822,59124,70126,128186,66099,571803,691765,4532,-93761,-23204,-66025,57506,-69062,4027,-15583
12-05-2020,TOTAL,184964,184964,1591676,1591676,824434,871419,824434,871419,325234,189473,325234,189473,3987200,3987200,0,0,0,0,0,0,0,0
12-05-2021,Client,167220,107953,995428,277606,584092,600441,614081,794928,720291,230385,419976,310747,3297857,2525291,59267,-29989,-194487,223765,717822,300315,-80362,1098499
12-05-2021,DII,3186,36669,39945,1079761,267,18266,0,0,0,0,37688,0,61664,1154118,-33483,267,18266,-51482,-1039816,-37688,0,-1077504
12-05-2021,FII,47185,70314,792375,604194,217183,317034,134056,148253,47862,48577,72483,47795,1470216,1077095,-23129,83127,168781,-108783,188181,-24621,782,162778
12-05-2021,Pro,16734,19389,235543,101730,177260,217824,230665,210384,147899,218530,385905,138950,1013790,1087023,-2655,-53405,7440,-63500,133813,-238006,79580,-183773
12-05-2021,TOTAL,234325,234325,2063291,2063291,978802,1153565,978802,1153565,916052,497492,916052,497492,5843527,5843527,0,0,0,0,0,0,0,0
12-06-2020,Client,139342,144895,453282,235000,516930,693785,540350,766303,325962,184571,242115,166203,2313872,2094866,-5553,-23420,-72518,43545,218282,83847,18368,283761
12-06-2020,DII,31274,18481,56370,913869,4584,70845,0,0,117,65,2931,0,163255,935281,12793,4584,70845,-53468,-857499,-2814,65,-860378
12-06-2020,FII,63778,66137,1063764,466318,209646,237425,153736,170857,22605,24706,26422,27281,1621924,910751,-2359,55910,66568,-13017,597446,-3817,-2575,596204
12-06-2020,Pro,25152,30033,133818,92047,179853,196493,216927,261388,102717,99196,179933,115054,737229,895382,-4881,-37074,-64895,22940,41771,-77216,-15858,-19587
12-06-2020,TOTAL,259546,259546,1707234,1707234,911013,1198548,911013,1198548,451401,308538,451401,308538,4836280,4836280,0,0,0,0,0,0,0,0
12-07-2021,Client,167837,162001,1179224,194156,1629844,1168075,1619541,1501917,942988,257969,568089,427937,5345937,4473641,5836,10303,-333842,349981,985068,374899,-169968,1529935
12-07-2021,DII,2392,53097,27029,1187097,401,26570,0,0,0,0,72727,0,56392,1312921,-50705,401,26570,-76874,-1160068,-72727,0,-1232795
12-07-2021,FII,81265,58317,689536,707946,349631,413833,254574,193431,58858,64494,101911,52996,1657617,1369174,22948,95057,220402,-102397,-18410,-43053,11498,-72961
12-07-2021,Pro,39360,17439,279797,86387,443519,449753,549279,362884,156873,276442,415992,117972,1645744,1549953,21921,-105760,86869,-170708,193410,-259119,158470,-224179
12-07-2021,TOTAL,290854,290854,2175586,2175586,2423394,2058231,2423394,2058231,1158719,598905,1158719,598905,8705689,8705689,0,0,0,0,0,0,0,0
12-08-2020,Client,112755,106444,569786,176655,777153,953962,717708,998348,430810,175358,273103,204131,3019824,2476389,6311,59445,-44386,110142,393131,157707,-28773,579611
12-08-2020,DII,10673,39879,20303,755936,1577,36721,0,0,0,0,6111,0,69274,801926,-29206,1577,36721,-64350,-735633,-6111,0,-741744
12-08-2020,FII,59996,55279,782295,509818,169356,231698,118709,147193,19173,22246,28490,15099,1284764,874588,4717,50647,84505,-29141,272477,-9317,7147,256013
12-08-2020,Pro,38907,20729,160672,90647,229959,273495,341628,350335,93205,124764,235484,103138,921002,1141961,18178,-111669,-76840,-16651,70025,-142279,21626,-93880
12-08-2020,TOTAL,222331,222331,1533056,1533056,1178045,1495876,1178045,1495876,543188,322368,543188,322368,5294864,5294864,0,0,0,0,0,0,0,0
12-10-2020,Client,106724,133062,606522,153963,843480,931382,800357,1039515,426296,165896,287284,199418,3080300,2613599,-26338,43123,-108133,124918,452559,139012,-33522,625093
12-10-2020,DII,2091,36707,30692,728715,267,43712,0,0,0,0,389,0,76762,765811,-34616,267,43712,-78061,-698023,-389,0,-698412
12-10-2020,FII,102926,46876,644475,481721,235204,337449,154515,226420,23154,22912,31305,18194,1366120,959031,56050,80689,111029,25710,162754,-8151,4718,149885
12-10-2020,Pro,33124,28220,162913,80203,244605,253387,368684,299995,97135,124215,227607,95411,915379,1100120,4904,-124079,-46608,-72567,82710,-130472,28804,-76566
12-10-2020,TOTAL,244865,244865,1444602,1444602,1323556,1565930,1323556,1565930,546585,313023,546585,313023,5438561,5438561,0,0,0,0,0,0,0,0
12-11-2020,Client,114275,141061,615233,184135,502698,737363,507314,797457,426277,223010,304514,197213,2618856,2131694,-26786,-4616,-60094,28692,431098,121763,25797,527064
12-11-2020,DII,3218,38443,32216,767081,267,31196,0,0,0,18,4470,0,66915,809994,-35225,267,31196,-66154,-734865,-4470,18,-739353
12-11-2020,FII,105189,48077,781748,511554,201914,273548,133550,206720,22113,22526,29410,19711,1407038,949022,57112,68364,66828,58648,270194,-7297,2815,260082
12-11-2020,Pro,34026,29127,149570,115997,160695,188186,224710,226116,117988,108959,227984,137589,759424,961523,4899,-64015,-37930,-21186,33573,-109996,-28630,-47793
12-11-2020,TOTAL,256708,256708,1578767,1578767,865574,1230293,865574,1230293,566378,354513,566378,354513,4852233,4852233,0,0,0,0,0,0,0,0
13-01-2020,Client,117806,121571,712702,208460,520313,700229,606790,854846,239554,124021,195114,145569,2414625,2132350,-3765,-86477,-154617,64375,504242,44440,-21548,570230
13-01-2020,DII,45339,36643,21773,1095900,4317,67921,0,0,0,0,854,0,139350,1133397,8696,4317,67921,-54908,-1074127,-854,0,-1074981
13-01-2020,FII,84971,70733,1002062,489182,200816,314236,81021,131378,15021,23271,17037,14372,1640377,803723,14238,119795,182858,-48825,512880,-2016,8899,501965
13-01-2020,Pro,17988,37157,146981,89976,161990,188991,199625,285153,60718,68306,102288,55657,644974,769856,-19169,-37635,-96162,39358,57005,-41570,12649,2786
13-01-2020,TOTAL,266104,266104,1883518,1883518,887436,1271377,887436,1271377,315293,215598,315293,215598,4839326,4839326,0,0,0,0,0,0,0,0
13-01-2021,Client,142908,153098,722910,232896,1014980,1281609,973207,1381880,562581,198645,354437,269790,3923633,3365308,-10190,41773,-100271,131854,490014,208144,-71145,769303
13-01-2021,DII,3021,44211,17949,760403,832,32380,0,0,267,44,1315,0,54493,805929,-41190,832,32380,-72738,-742454,-1048,44,-743546
13-01-2021,FII,85021,31593,691622,532034,266172,334642,184672,210057,36092,33713,61713,30666,1447262,1050735,53428,81500,124585,10343,159588,-25621,3047,130920
13-01-2021,Pro,26290,28338,190900,98048,300000,375501,424105,432195,136930,176602,318405,108548,1206223,1409639,-2048,-124105,-56694,-69459,92852,-181475,68054,-156677
13-01-2021,TOTAL,257240,257240,1623381,1623381,1581984,2024132,1581984,2024132,735870,409004,735870,409004,6631611,6631611,0,0,0,0,0,0,0,0
13-02-2020,Client,184975,83936,800560,254320,412365,427104,457840,650579,351076,145924,247133,171394,2322004,1865202,101039,-45475,-223475,279039,546240,103943,-25470,675653
13-02-2020,DII,26253,25999,35484,1061040,4317,83777,0,0,3112,21,2251,0,152964,1089290,254,4317,83777,-79206,-1025556,861,21,-1024716
13-02-2020,FII,26508,132030,984544,581381,170898,277877,82231,105889,18810,19652,19606,13503,1498289,934640,-105522,88667,171988,-188843,403163,-796,6149,396218
13-02-2020,Pro,22181,17952,187274,111121,126651,129432,174160,161722,60432,86327,164440,67027,612297,696422,4229,-47509,-32290,-10990,76153,-104008,19300,-47155
13-02-2020,TOTAL,259917,259917,2007862,2007862,714231,918190,714231,918190,433430,251924,433430,251924,4585554,4585554,0,0,0,0,0,0,0,0
13-03-2020,Client,185064,92638,516545,192716,483944,332839,491680,530776,241739,75548,180458,103159,1835679,1591427,92426,-7736,-197937,282627,323829,61281,-27611,412721
13-03-2020,DII,51486,3312,54296,958047,23177,67683,0,0,0,0,1985,0,196642,963344,48174,23177,67683,3668,-903751,-1985,0,-905736
13-03-2020,FII,46067,164886,999630,501479,220997,359703,162425,170654,23887,15775,19355,13710,1666059,1032509,-118819,58572,189049,-249296,498151,4532,2065,500618
13-03-2020,Pro,21482,43263,147800,66029,154805,128241,228818,187036,62986,82475,126814,56929,597789,708889,-21781,-74013,-58795,-36999,81771,-63828,25546,-7603
13-03-2020,TOTAL,304099,304099,1718271,1718271,882923,888466,882923,888466,328612,173798,328612,173798,4296169,4296169,0,0,0,0,0,0,0,0
13-04-2020,Client,98763,99455,317305,181736,366466,442324,362837,518434,125291,91072,109999,69107,1441221,1341568,-692,3629,-76110,79047,135569,15292,21965,128896
13-04-2020,DII,36335,6181,67268,777070,4530,61741,0,0,0,0,2193,0,169874,785444,30154,4530,61741,-27057,-709802,-2193,0,-711995
13-04-2020,FII,55921,81677,999636,424280,122701,160143,87570,104246,7547,7497,7256,6551,1353445,711580,-25756,35131,55897,-46522,575356,291,946,574701
13-04-2020,Pro,21093,24799,87220,88343,87044,108062,130334,149590,53214,33476,66604,56387,390109,516057,-3706,-43290,-41528,-5468,-1123,-13390,-22911,8398
13-04-2020,TOTAL,212112,212112,1471429,1471429,580741,772270,580741,772270,186052,132045,186052,132045,3354649,3354649,0,0,0,0,0,0,0,0
13-04-2021,Client,150938,125886,852720,217848,1047750,1072481,1044220,1150716,576049,188620,352897,254955,3888558,3146522,25052,3530,-78235,106817,634872,223152,-66335,924359
13-04-2021,DII,697,33960,22159,872661,267,10693,0,0,222,3,28220,0,34041,934841,-33263,267,10693,-43689,-850502,-27998,3,-878503
13-04-2021,FII,69149,49933,606519,496955,241466,346293,160017,212730,46191,40029,61447,41801,1349647,1022883,19216,81449,133563,-32898,109564,-15256,-1772,96080
13-04-2021,Pro,13662,24667,178956,72890,353460,365298,438706,431319,112584,172909,292482,104805,1196869,1364869,-11005,-85246,-66021,-30230,106066,-179898,68104,-141936
13-04-2021,TOTAL,234446,234446,1660354,1660354,1642943,1794765,1642943,1794765,735046,401561,735046,401561,6469115,6469115,0,0,0,0,0,0,0,0
13-05-2020,Client,88911,111349,419748,163754,653272,513619,569816,620646,249982,109739,179783,115593,2035271,1760941,-22438,83456,-107027,168045,255994,70199,-5854,332047
13-05-2020,DII,23548,5975,40144,825873,4584,66491,0,0,0,0,891,0,134767,832739,17573,4584,66491,-44334,-785729,-891,0,-786620
13-05-2020,FII,40104,38107,1009993,532368,121597,185051,114733,114639,11366,16813,15642,10789,1384924,826278,1997,6864,70412,-61551,477625,-4276,6024,467325
13-05-2020,Pro,22526,19658,128539,76429,174525,163023,269429,192899,64095,69687,129127,69857,622395,757399,2868,-94904,-29876,-62160,52110,-65032,-170,-12752
13-05-2020,TOTAL,175089,175089,1598424,1598424,953978,928184,953978,928184,325443,196239,325443,196239,4177357,4177357,0,0,0,0,0,0,0,0
13-07-2020,Client,142950,139448,479666,234787,797945,759331,721240,851026,374613,165793,251860,177458,2720298,2375819,3502,76705,-91695,171902,244879,122753,-11665,379297
13-07-2020,DII,16084,26046,30835,794528,267,42743,0,0,0,0,8230,0,89929,828804,-9962,267,42743,-52438,-763693,-8230,0,-771923
13-07-2020,FII,56938,48188,898090,432292,183696,259762,146389,164970,26757,22993,39123,21790,1448236,852752,8750,37307,94792,-48735,465798,-12366,1203,452229
13-07-2020,Pro,35595,37885,141620,88604,232577,260527,346856,306367,103831,115390,205988,104928,889540,1090628,-2290,-114279,-45840,-70729,53016,-102157,10462,-59603
13-07-2020,TOTAL,251567,251567,1550211,1550211,1214485,1322363,1214485,1322363,505201,304176,505201,304176,5148003,5148003,0,0,0,0,0,0,0,0
13-07-2021,Client,165257,162895,1173919,190665,1366804,1559655,1510333,1730859,938119,273972,576350,429951,5477726,4601053,2362,-143529,-171204,30037,983254,361769,-155979,1501002
13-07-2021,DII,2453,53097,29271,1188223,401,34570,0,0,0,0,74394,0,66695,1315714,-50644,401,34570,-84813,-1158952,-74394,0,-1233346
13-07-2021,FII,94421,40205,696646,704627,340638,387051,229597,236498,61389,65168,102258,55742,1645313,1368926,54216,111041,150553,14704,-7981,-40869,9426,-58276
13-07-2021,Pro,23010,28944,273883,90204,475396,493882,443309,507802,164748,272482,411254,125929,1703401,1607441,-5934,32087,-13920,40073,183679,-246506,146553,-209380
13-07-2021,TOTAL,285141,285141,2173719,2173719,2183238,2475158,2183238,2475158,1164256,611622,1164256,611622,8893134,8893134,0,0,0,0,0,0,0,0
13-08-2020,Client,108046,103459,566691,177607,470888,583182,479743,685223,449487,186289,284972,212323,2364583,1943327,4587,-8855,-102041,97773,389084,164515,-26034,579633
13-08-2020,DII,10673,39879,20587,751497,1577,36721,0,0,0,0,7125,0,69558,798501,-29206,1577,36721,-64350,-730910,-7125,0,-738035
13-08-2020,FII,64872,52249,780807,511622,134299,199907,78597,120975,19734,23482,30540,15840,1223101,809823,12623,55702,78932,-10607,269185,-10806,7642,250737
13-08-2020,Pro,30374,18378,164440,91799,154549,188895,202973,202507,97692,127546,244276,109154,763496,869087,11996,-48424,-13612,-22816,72641,-146584,18392,-92335
13-08-2020,TOTAL,213965,213965,1532525,1532525,761313,1008705,761313,1008705,566913,337317,566913,337317,4420738,4420738,0,0,0,0,0,0,0,0
13-10-2020,Client,113321,136051,614935,155493,944222,983562,871900,1091508,458092,162866,302276,205237,3276998,2762465,-22730,72322,-107946,157538,459442,155816,-42371,657629
13-10-2020,DII,1875,37348,30504,728546,267,43712,0,0,0,0,389,0,76358,766283,-35473,267,43712,-78918,-698042,-389,0,-698431
13-10-2020,FII,103062,47963,637108,486723,234784,343625,161470,223932,23831,23604,32547,18614,1366014,971249,55099,73314,119693,8720,150385,-8716,4990,136679
13-10-2020,Pro,30632,27528,167653,79438,251868,256537,397771,311996,98428,132208,245139,94827,937326,1156699,3104,-145903,-55459,-87340,88215,-146711,37381,-95877
13-10-2020,TOTAL,248890,248890,1450200,1450200,1431141,1627436,1431141,1627436,580351,318678,580351,318678,5656696,5656696,0,0,0,0,0,0,0,0
13-11-2020,Client,119557,138086,628690,184655,613683,922534,627152,972528,454869,237935,321503,207206,2977268,2451130,-18529,-13469,-49994,17996,444035,133366,30729,546672
13-11-2020,DII,3068,38463,31652,767495,267,31196,0,0,0,0,4460,0,66183,810418,-35395,267,31196,-66324,-735843,-4460,0,-740303
13-11-2020,FII,105013,54112,773992,522917,217983,288706,149355,229753,22711,22520,30082,20577,1430925,1006796,50901,68628,58953,60576,251075,-7371,1943,241761
13-11-2020,Pro,31882,28859,153921,113188,209403,240961,264829,281116,123361,113780,244896,146452,873308,1079340,3023,-55426,-40155,-12248,40733,-121535,-32672,-48130
13-11-2020,TOTAL,259520,259520,1588255,1588255,1041336,1483397,1041336,1483397,600941,374235,600941,374235,5347684,5347684,0,0,0,0,0,0,0,0
14-01-2020,Client,119648,120436,717150,215829,578543,769557,649025,915884,260020,131072,206893,152739,2575990,2260806,-788,-70482,-146327,75057,501321,53127,-21667,576115
14-01-2020,DII,45225,38893,23464,1095876,4317,65841,0,0,0,0,854,0,138847,1135623,6332,4317,65841,-55192,-1072412,-854,0,-1073266
14-01-2020,FII,85845,72390,1016848,499531,205805,334968,82581,137386,15632,24678,19175,15015,1683776,826078,13455,123224,197582,-60903,517317,-3543,9663,504111
14-01-2020,Pro,16939,35938,150430,96656,170366,197290,227425,314386,64999,71943,113729,59939,671967,848073,-18999,-57059,-117096,41038,53774,-48730,12004,-6960
14-01-2020,TOTAL,267657,267657,1907892,1907892,959031,1367656,959031,1367656,340651,227693,340651,227693,5070580,5070580,0,0,0,0,0,0,0,0
14-01-2021,Client,143698,152437,726605,229884,562684,789097,570118,906124,600340,208345,376777,278200,3030769,2513540,-8739,-7434,-117027,100854,496721,223563,-69855,790139
14-01-2021,DII,3129,44518,17688,764500,832,32380,0,0,267,44,1607,0,54340,810625,-41389,832,32380,-72937,-746812,-1340,44,-748196
14-01-2021,FII,88153,33764,688405,536508,173261,256446,111364,161921,37837,33814,68598,31283,1277916,943438,54389,61897,94525,21761,151897,-30761,2531,118605
14-01-2021,Pro,22784,27045,195314,97120,196414,274077,251709,283955,139801,182548,331263,115268,1010938,1106360,-4261,-55295,-9878,-49678,98194,-191462,67280,-160548
14-01-2021,TOTAL,257764,257764,1628012,1628012,933191,1352000,933191,1352000,778245,424751,778245,424751,5373963,5373963,0,0,0,0,0,0,0,0
14-02-2020,Client,183550,86104,805011,250659,642504,473323,629593,726428,373600,144900,257256,173787,2622888,2123827,97446,12911,-253105,363462,554352,116344,-28887,699583
14-02-2020,DII,26253,24076,35307,1064797,4317,83777,0,0,3112,0,2703,14,152766,1091590,2177,4317,83777,-77283,-1029490,409,-14,-1029067
14-02-2020,FII,25178,128694,972906,578039,176535,300032,96002,110997,18032,20274,20459,13865,1512957,948056,-103516,80533,189035,-212018,394867,-2427,6409,386031
14-02-2020,Pro,21633,17740,191129,110858,141731,149684,239492,169391,60882,90059,175208,67567,655118,780256,3893,-97761,-19707,-74161,80271,-114326,22492,-56547
14-02-2020,TOTAL,256614,256614,2004353,2004353,965087,1006816,965087,1006816,455626,255233,455626,255233,4943729,4943729,0,0,0,0,0,0,0,0
14-05-2020,Client,95159,101608,435165,163202,434201,329280,388551,479260,290439,109309,196079,125604,1693553,1454304,-6449,45650,-149980,189181,271963,94360,-16295,382618
14-05-2020,DII,23622,5103,38553,833881,4584,66391,0,0,23,0,941,0,133173,839925,18519,4584,66391,-43288,-795328,-918,0,-796246
14-05-2020,FII,32899,50427,999145,542573,99116,178231,93628,97139,11618,17387,17992,11183,1338396,812942,-17528,5488,81092,-93132,456572,-6374,6204,443994
14-05-2020,Pro,23864,18406,139365,72572,113015,125060,168737,122563,62574,80148,149642,70057,544026,601977,5458,-55722,2497,-52761,66793,-87068,10091,-30366
14-05-2020,TOTAL,175544,175544,1612228,1612228,650916,698962,650916,698962,364654,206844,364654,206844,3709148,3709148,0,0,0,0,0,0,0,0
14-05-2021,Client,164495,106916,991203,265298,925536,776513,967116,1009557,799413,233909,460284,322060,3891069,3131231,57579,-41580,-233044,249043,725905,339129,-88151,1153185
14-05-2021,DII,3186,36151,37013,1078128,267,18266,0,0,0,0,43439,0,58732,1157718,-32965,267,18266,-50964,-1041115,-43439,0,-1084554
14-05-2021,FII,47241,66197,787849,612531,301507,371077,185823,191277,51305,50723,79009,51256,1609702,1186093,-18956,115684,179800,-83072,175318,-27704,-533,148147
14-05-2021,Pro,15782,21440,238642,98750,317140,328304,391511,293326,149676,228004,417662,139320,1277548,1362009,-5658,-74371,34978,-115007,139892,-267986,88684,-216778
14-05-2021,TOTAL,230704,230704,2054707,2054707,1544450,1494160,1544450,1494160,1000394,512636,1000394,512636,6837051,6837051,0,0,0,0,0,0,0,0
14-06-2021,Client,153068,147375,1074753,214147,1092112,1065310,1167141,1271296,980324,278364,570823,396773,4643931,3767555,5693,-75029,-205986,136650,860606,409501,-118409,1388516
14-06-2021,DII,1848,42098,32905,1065400,267,63785,0,0,0,0,81022,0,98805,1188520,-40250,267,63785,-103768,-1032495,-81022,0,-1113517
14-06-2021,FII,77251,26051,714042,694740,282845,328181,176469,174449,68498,83447,125817,59220,1554264,1256746,51200,106376,153732,3844,19302,-57319,24227,-62244
14-06-2021,Pro,16716,33359,253262,100675,321830,348192,353444,359723,196708,253983,467868,159801,1390691,1474870,-16643,-31614,-11531,-36726,152587,-271160,94182,-212755
14-06-2021,TOTAL,248883,248883,2074962,2074962,1697054,1805468,1697054,1805468,1245530,615794,1245530,615794,7687691,7687691,0,0,0,0,0,0,0,0
14-07-2020,Client,135740,123101,486970,224628,980973,711005,816742,804879,416321,153149,264960,183829,2884158,2418139,12639,164231,-93874,270744,262342,151361,-30680,444383
14-07-2020,DII,16086,20110,26481,795116,267,45377,0,0,36,0,8530,0,88247,823756,-4024,267,45377,-49134,-768635,-8494,0,-777129
14-07-2020,FII,55711,68274,878702,434125,196539,268156,167946,166032,28326,23295,43044,21333,1450729,900754,-12563,28593,102124,-86094,444577,-14718,1962,427897
14-07-2020,Pro,31884,27936,145922,84206,249122,239760,442213,293387,100620,128664,228769,99946,895972,1176457,3948,-193091,-53627,-135516,61716,-128149,28718,-95151
14-07-2020,TOTAL,239421,239421,1538075,1538075,1426901,1264298,1426901,1264298,545303,305108,545303,305108,5319106,5319106,0,0,0,0,0,0,0,0
14-07-2021,Client,165432,167177,1179114,195014,1408197,1661565,1542439,1833926,957432,287852,592354,435915,5659592,4766825,-1745,-134242,-172361,36374,984100,365078,-148063,1497241
14-07-2021,DII,2733,53097,29879,1189927,401,34570,0,0,0,0,76282,0,67583,1319306,-50364,401,34570,-84533,-1160048,-76282,0,-1236330
14-07-2021,FII,98086,40503,699668,708007,336794,409212,226260,256317,63017,65227,104577,57748,1672004,1393411,57583,110534,152895,15222,-8339,-41560,7479,-57378
14-07-2021,Pro,24273,29747,277336,93049,475574,529086,452267,544190,172480,274062,419716,133478,1752811,1672447,-5474,23307,-15104,32937,184287,-247236,140584,-203533
14-07-2021,TOTAL,290524,290524,2185997,2185997,2220965,2634433,2220965,2634433,1192929,627141,1192929,627141,9151989,9151989,0,0,0,0,0,0,0,0
14-08-2020,Client,110453,107542,558854,177893,679827,678408,643393,784783,482730,179177,298551,215939,2689449,2228101,2911,36434,-106375,145720,380961,184179,-36762,601902
14-08-2020,DII,10533,38079,21493,746614,1577,36732,0,0,0,0,7425,0,70335,792118,-27546,1577,36732,-62701,-725121,-7425,0,-732546
14-08-2020,FII,66887,47624,777992,515185,150098,222812,95150,139734,20565,23989,32170,15659,1262343,845522,19263,54948,83078,-8867,262807,-11605,8330,242872
14-08-2020,Pro,27721,22349,165920,84567,200339,220139,293298,233574,94489,135263,259638,106831,843871,1000257,5372,-92959,-13435,-74152,81353,-165149,28432,-112228
14-08-2020,TOTAL,215594,215594,1524259,1524259,1031841,1158091,1031841,1158091,597784,338429,597784,338429,4865998,4865998,0,0,0,0,0,0,0,0
14-09-2020,Client,137327,115794,604300,183740,898191,737067,794582,928464,573601,161250,338971,226127,3111736,2587678,21533,103609,-191397,316539,420560,234630,-64877,720067
14-09-2020,DII,5966,35953,29699,731172,267,34441,0,0,98,0,2818,0,70471,769943,-29987,267,34441,-64161,-701473,-2720,0,-704193
14-09-2020,FII,67149,63993,693271,524062,197012,346726,149223,192571,27767,24882,39587,15450,1356807,984886,3156,47789,154155,-103210,169209,-11820,9432,147957
14-09-2020,Pro,30528,25230,193107,81403,251456,282589,403121,279788,89057,155690,309147,100245,1002427,1198934,5298,-151665,2801,-149168,111704,-220090,55445,-163831
14-09-2020,TOTAL,240970,240970,1520377,1520377,1346926,1400823,1346926,1400823,690523,341822,690523,341822,5541441,5541441,0,0,0,0,0,0,0,0
14-10-2020,Client,113859,130765,619305,155749,923754,1044664,853164,1146018,479653,163687,312454,207203,3344922,2805353,-16906,70590,-101354,155038,463556,167199,-43516,674271
14-10-2020,DII,2025,38121,31179,730342,267,43712,0,0,0,0,389,0,77183,768852,-36096,267,43712,-79541,-699163,-389,0,-699552
14-10-2020,FII,98204,51267,632783,487860,241614,358618,160106,219438,24762,24591,33167,19117,1380572,970955,46937,81508,139180,-10735,144923,-8405,5474,131044
14-10-2020,Pro,34593,28528,168903,78219,243626,265316,395991,346854,97701,135185,256106,97143,945324,1202841,6065,-152365,-81538,-64762,90684,-158405,38042,-105763
14-10-2020,TOTAL,248681,248681,1452170,1452170,1409261,1712310,1409261,1712310,602116,323463,602116,323463,5748001,5748001,0,0,0,0,0,0,0,0
14-12-2020,Client,122334,137855,662372,199138,883450,1056627,849232,1168992,499880,202923,326967,241415,3427586,2923599,-15521,34218,-112365,131062,463234,172913,-38492,674639
14-12-2020,DII,2626,47208,29534,730133,267,40060,0,0,473,0,3119,0,72960,780460,-44582,267,40060,-84375,-700599,-2646,0,-703245
14-12-2020,FII,93755,35878,735867,583556,211401,269770,159820,192438,18821,24471,27870,20934,1354085,1020496,57877,51581,77332,32126,152311,-9049,3537,139725
14-12-2020,Pro,30704,28478,182005,96951,259583,338519,345649,343546,120354,154154,281572,119199,1085319,1215395,2226,-86066,-5027,-78813,85054,-161218,34955,-111119
14-12-2020,TOTAL,249419,249419,1609778,1609778,1354701,1704976,1354701,1704976,639528,381548,639528,381548,5939950,5939950,0,0,0,0,0,0,0,0
15-01-2020,Client,119033,111731,734563,219916,697610,712580,692439,897660,281952,135905,220489,158061,2681643,2300296,7302,5171,-185080,197553,514647,61463,-22156,598266
15-01-2020,DII,44999,38918,24017,1098421,4317,65841,0,0,0,0,854,0,139174,1138193,6081,4317,65841,-55443,-1074404,-854,0,-1075258
15-01-2020,FII,81917,77228,1016725,511902,197591,343072,88889,131645,17369,26504,22272,16077,1683178,848013,4689,108702,211427,-98036,504823,-4903,10427,489493
15-01-2020,Pro,15514,33586,158310,103376,161975,182816,280165,275004,70126,75827,125832,64098,664568,882061,-18072,-118190,-92188,-44074,54934,-55706,11729,-12501
15-01-2020,TOTAL,261463,261463,1933615,1933615,1061493,1304309,1061493,1304309,369447,238236,369447,238236,5168563,5168563,0,0,0,0,0,0,0,0
15-01-2021,Client,143887,146089,733065,231616,916832,858107,850572,1026473,652031,204383,398465,289465,3508305,2942680,-2202,66260,-168366,232424,501449,253566,-85082,840097
15-01-2021,DII,2929,44772,17524,763082,832,30442,0,0,267,44,1807,0,52038,809661,-41843,832,30442,-71453,-745558,-1540,44,-747142
15-01-2021,FII,83985,40605,682323,544273,203024,296144,158709,178571,40696,34821,75216,31815,1340993,1029189,43380,44315,117573,-29878,138050,-34520,3006,100524
15-01-2021,Pro,24943,24278,202349,96290,281264,322609,392671,302258,140848,198357,358354,116325,1170370,1290176,665,-111407,20351,-131093,106059,-217506,82032,-193479
15-01-2021,TOTAL,255744,255744,1635261,1635261,1401952,1507302,1401952,1507302,833842,437605,833842,437605,6071706,6071706,0,0,0,0,0,0,0,0
15-02-2021,Client,144777,135484,753301,215779,653336,1131748,687350,1149029,631674,252987,411779,288125,3567823,2887546,9293,-34014,-17281,-7440,537522,219895,-35138,792555
15-02-2021,DII,1223,41735,21848,802974,267,8653,0,0,0,216,7241,0,32207,851950,-40512,267,8653,-48898,-781126,-7241,216,-788583
15-02-2021,FII,85467,49484,692847,536580,223471,324917,159325,243777,44851,40527,70898,40180,1412080,1100244,35983,64146,81140,18989,156267,-26047,347,129873
15-02-2021,Pro,27270,32034,191409,104072,272748,341428,303147,413940,141590,176926,328197,142351,1151371,1323741,-4764,-30399,-72512,37349,87337,-186607,34575,-133845
15-02-2021,TOTAL,258737,258737,1659405,1659405,1149822,1806746,1149822,1806746,818115,470656,818115,470656,6163481,6163481,0,0,0,0,0,0,0,0
15-03-2021,Client,201593,162953,790942,185343,1200314,801430,1110871,994541,653512,171950,405957,264113,3819741,3123778,38640,89443,-193111,321194,605599,247555,-92163,945317
15-03-2021,DII,690,44793,31178,824147,267,13304,0,0,0,0,12924,0,45439,881864,-44103,267,13304,-57140,-792969,-12924,0,-805893
15-03-2021,FII,72307,55522,615636,541213,282308,372624,219963,181260,38431,37973,52556,35765,1419279,1086279,16785,62345,191364,-112234,74423,-14125,2208,58090
15-03-2021,Pro,26402,37724,199746,86799,310605,318525,462660,330082,102041,183242,322547,93287,1140561,1333099,-11322,-152055,-11557,-151820,112947,-220506,89955,-197514
15-03-2021,TOTAL,300992,300992,1637502,1637502,1793494,1505883,1793494,1505883,793984,393165,793984,393165,6425020,6425020,0,0,0,0,0,0,0,0
15-04-2020,Client,95979,107632,309293,191070,491756,482870,443514,546485,138665,99481,118772,73959,1618044,1481432,-11653,48242,-63615,100204,118223,19893,25522,112594
15-04-2020,DII,32710,7485,69746,763222,4530,61741,0,0,0,0,2193,0,168727,772900,25225,4530,61741,-31986,-693476,-2193,0,-695669
15-04-2020,FII,64287,70808,1004990,431022,133126,170643,99212,114747,7695,8391,8609,7238,1389132,731636,-6521,33914,55896,-28503,573968,-914,1153,571901
15-04-2020,Pro,22156,29207,93599,92314,103108,115321,189794,169343,57069,36022,73855,62697,427275,617210,-7051,-86686,-54022,-39715,1285,-16786,-26675,11174
15-04-2020,TOTAL,215132,215132,1477628,1477628,732520,830575,732520,830575,203429,143894,203429,143894,3603178,3603178,0,0,0,0,0,0,0,0
15-04-2021,Client,149533,124505,859177,219770,547195,638450,589820,774031,598165,199610,363777,258506,2992130,2330409,25028,-42625,-135581,117984,639407,234388,-58896,932691
15-04-2021,DII,695,41822,24796,876207,267,23303,0,0,159,0,29871,0,49220,947900,-41127,267,23303,-64163,-851411,-29712,0,-881123
15-04-2021,FII,78762,46385,604339,499806,186851,305132,116127,162256,47184,41081,64341,44507,1263349,933422,32377,70724,142876,-39775,104533,-17157,-3426,90802
15-04-2021,Pro,14311,30589,178277,70806,204457,216831,232823,247429,111361,170894,298880,108572,896131,989099,-16278,-28366,-30598,-14046,107471,-187519,62322,-142370
15-04-2021,TOTAL,243301,243301,1666589,1666589,938770,1183716,938770,1183716,756869,411585,756869,411585,5200830,5200830,0,0,0,0,0,0,0,0
15-05-2020,Client,96462,103582,447396,153031,546725,385176,487437,544749,313827,110223,206610,131806,1899809,1627215,-7120,59288,-159573,211741,294365,107217,-21583,423165
15-05-2020,DII,27543,5003,36947,851283,6015,65232,0,0,0,0,941,0,135737,857227,22540,6015,65232,-36677,-814336,-941,0,-815277
15-05-2020,FII,29909,58383,991262,544937,113410,189013,102629,101400,13040,18463,22024,12164,1355097,841537,-28474,10781,87613,-105306,446325,-8984,6299,431042
15-05-2020,Pro,32334,19280,146226,72580,147051,143876,223135,137148,64531,84630,161823,69346,618648,683312,13054,-76084,6728,-69758,73646,-97292,15284,-38930
15-05-2020,TOTAL,186248,186248,1621831,1621831,813201,783297,813201,783297,391398,213316,391398,213316,4009291,4009291,0,0,0,0,0,0,0,0
15-06-2020,Client,136022,131104,461668,223048,682801,758441,657360,824857,365981,181630,261599,174311,2586543,2272279,4918,25441,-66416,96775,238620,104382,7319,335683
15-06-2020,DII,32221,19900,56978,907251,4584,69399,0,0,123,0,2931,0,163305,930082,12321,4584,69399,-52494,-850273,-2808,0,-853081
15-06-2020,FII,57903,65677,1047880,492278,211398,254793,162011,177337,23380,25974,29255,27534,1621328,954092,-7774,49387,77456,-35843,555602,-5875,-1560,551287
15-06-2020,Pro,24688,34153,143147,87096,189525,202451,268937,282890,101897,107263,197596,113022,768971,983694,-9465,-79412,-80439,-8438,56051,-95699,-5759,-33889
15-06-2020,TOTAL,250834,250834,1709673,1709673,1088308,1285084,1088308,1285084,491381,314867,491381,314867,5140147,5140147,0,0,0,0,0,0,0,0
15-06-2021,Client,159877,151472,1077854,227382,1126701,1255717,1218226,1430687,1009504,292454,598150,411429,4922107,4037346,8405,-91525,-174970,91850,850472,411354,-118975,1380801
15-06-2021,DII,1868,42098,32669,1065090,267,64683,0,0,0,0,81422,0,99487,1188610,-40230,267,64683,-104646,-1032421,-81422,0,-1113843
15-06-2021,FII,78884,27664,724674,697029,298992,323639,188135,179780,71448,87713,129966,62730,1585350,1285304,51220,110857,143859,18218,27645,-58518,24983,-55856
15-06-2021,Pro,17134,36529,256258,101954,368028,402328,387627,435900,206261,261469,477675,167477,1511478,1607162,-19395,-19599,-33572,-5422,154304,-271414,93992,-211102
15-06-2021,TOTAL,257763,257763,2091455,2091455,1793988,2046367,1793988,2046367,1287213,641636,1287213,641636,8118422,8118422,0,0,0,0,0,0,0,0
15-07-2020,Client,120264,117587,477516,214055,980358,760429,820428,822244,427723,167836,273924,191452,2934126,2439690,2677,159930,-61815,224422,263461,153799,-23616,440876
15-07-2020,DII,16068,24185,26887,790959,267,46370,0,0,134,0,8530,0,89726,823674,-8117,267,46370,-54220,-764072,-8396,0,-772468
15-07-2020,FII,59955,52687,880064,432927,211058,271079,176208,179243,29199,23934,44779,22266,1475289,908110,7268,34850,91836,-49718,447137,-15580,1668,429889
15-07-2020,Pro,23846,25674,142280,88806,243254,232420,438301,308811,102430,129394,232253,107446,873624,1201291,-1828,-195047,-76391,-120484,53474,-129823,21948,-98297
15-07-2020,TOTAL,220133,220133,1526747,1526747,1434937,1310298,1434937,1310298,559486,321164,559486,321164,5372765,5372765,0,0,0,0,0,0,0,0
15-07-2021,Client,168850,179361,1186566,202675,812691,997209,943364,1183126,961385,304496,598715,440774,4431197,3548015,-10511,-130673,-185917,44733,983891,362670,-136278,1482839
15-07-2021,DII,2792,53033,30141,1189898,401,34570,0,0,0,0,77284,0,67904,1320215,-50241,401,34570,-84410,-1159757,-77284,0,-1237041
15-07-2021,FII,104884,38453,702775,708322,241271,329749,121124,172757,64525,65914,104505,60579,1509118,1205739,66431,120147,156992,29586,-5547,-39980,5335,-50862
15-07-2021,Pro,25832,31511,283426,102013,281695,329984,271569,335629,183207,275373,428613,144430,1379516,1313765,-5679,10126,-5645,10092,181413,-245406,130943,-194936
15-07-2021,TOTAL,302358,302358,2202908,2202908,1336056,1691512,1336056,1691512,1209117,645783,1209117,645783,7387734,7387734,0,0,0,0,0,0,0,0
15-09-2020,Client,139147,106676,609113,184781,862884,896272,812203,1027581,577801,166464,346738,231071,3251681,2709050,32471,50681,-131309,214461,424332,231063,-64607,720002
15-09-2020,DII,5577,37796,32877,733530,267,34441,0,0,98,0,2518,0,73260,773844,-32219,267,34441,-66393,-700653,-2420,0,-703073
15-09-2020,FII,67863,63225,689474,522355,202871,336294,140601,190860,28784,25662,40828,15841,1350948,973710,4638,62270,145434,-78526,167119,-12044,9821,145254
15-09-2020,Pro,26243,31133,191701,82499,225826,268164,339044,316730,88326,154585,304925,99799,954845,1174130,-4890,-113218,-48566,-69542,109202,-216599,54786,-162183
15-09-2020,TOTAL,238830,238830,1523165,1523165,1291848,1535171,1291848,1535171,695009,346711,695009,346711,5630734,5630734,0,0,0,0,0,0,0,0
15-10-2020,Client,103393,129782,605513,149011,609003,607890,579849,767807,517067,153692,320318,207569,2596558,2154336,-26389,29154,-159917,162682,456502,196749,-53877,707128
15-10-2020,DII,1979,37717,31203,728824,267,39391,0,0,0,0,389,0,72840,766930,-35738,267,39391,-74862,-697621,-389,0,-698010
15-10-2020,FII,97986,52978,632796,486463,200025,317792,121030,186198,25684,23770,35675,18697,1298053,901041,45008,78995,131594,-7591,146333,-9991,5073,131269
15-10-2020,Pro,43381,26262,166187,71401,153277,185435,261693,196503,90579,142456,276948,93652,781315,926459,17119,-108416,-11068,-80229,94786,-186369,48804,-140387
15-10-2020,TOTAL,246739,246739,1435699,1435699,962572,1150508,962572,1150508,633330,319918,633330,319918,4748766,4748766,0,0,0,0,0,0,0,0
15-12-2020,Client,123181,136635,670900,202757,927859,1148357,895803,1241965,521254,211412,342371,249546,3602963,3069077,-13454,32056,-93608,112210,468143,178883,-38134,685160
15-12-2020,DII,2511,45808,29229,731626,267,40089,0,0,476,0,3119,0,72572,780553,-43297,267,40089,-83119,-702397,-2643,0,-705040
15-12-2020,FII,89996,32335,730528,581171,232494,285950,170148,204337,19598,24863,28085,21405,1383429,1037481,57661,62346,81613,38394,149357,-8487,3458,137412
15-12-2020,Pro,26772,27682,185677,100780,269459,315788,364128,343882,123451,159557,291204,124881,1080704,1252557,-910,-94669,-28094,-67485,84897,-167753,34676,-117532
15-12-2020,TOTAL,242460,242460,1616334,1616334,1430079,1790184,1430079,1790184,664779,395832,664779,395832,6139668,6139668,0,0,0,0,0,0,0,0
16-01-2020,Client,122174,109290,745230,224504,406639,468857,476679,681039,305422,137987,231568,162472,2186309,1885552,12884,-70040,-212182,155026,520726,73854,-24485,619065
16-01-2020,DII,44978,41418,23898,1097016,4317,65841,0,0,0,0,854,0,139034,1139288,3560,4317,65841,-57964,-1073118,-854,0,-1073972
16-01-2020,FII,80117,82056,1017250,516933,182005,296715,77592,104704,17435,27282,23990,16635,1620804,821910,-1939,104413,192011,-89537,500317,-6555,10647,483115
16-01-2020,Pro,16586,31091,161003,108928,118145,150435,156835,196105,70569,80169,137014,66331,596907,696304,-14505,-38690,-45670,-7525,52075,-66445,13838,-28208
16-01-2020,TOTAL,263855,263855,1947381,1947381,711106,981848,711106,981848,393426,245438,393426,245438,4543054,4543054,0,0,0,0,0,0,0,0
16-02-2021,Client,135945,127493,755814,203757,925199,1070330,890240,1149399,644024,246496,422822,289578,3777808,3083289,8452,34959,-79069,122480,552057,221202,-43082,816341
16-02-2021,DII,1215,41687,21883,809643,267,8653,0,0,0,216,7246,0,32234,858576,-40472,267,8653,-48858,-787760,-7246,216,-795222
16-02-2021,FII,80442,50451,689246,537081,263802,358818,193421,251183,45602,42305,73078,39593,1480215,1144807,29991,70381,107635,-7263,152165,-27476,2712,121977
16-02-2021,Pro,29737,27708,190708,107170,318304,325784,423911,363003,138294,177693,324774,137539,1180520,1384105,2029,-105607,-37219,-66359,83538,-186480,40154,-143096
16-02-2021,TOTAL,247339,247339,1657651,1657651,1507572,1763585,1507572,1763585,827920,466710,827920,466710,6470777,6470777,0,0,0,0,0,0,0,0
16-03-2020,Client,178352,102959,495715,190586,632118,296905,583111,502517,254099,70488,187687,102560,1927677,1669420,75393,49007,-205612,330012,305129,66412,-32072,403613
16-03-2020,DII,61165,6674,60445,938472,19064,66533,0,0,0,0,2023,0,207207,947169,54491,19064,66533,7022,-878027,-2023,0,-880050
16-03-2020,FII,76458,183264,988630,507247,229450,360893,187530,171748,23055,16081,18054,12831,1694567,1080674,-106806,41920,189145,-254031,481383,5001,3250,483134
16-03-2020,Pro,22888,45966,160114,68599,174691,145067,284682,195133,65888,85763,135278,56941,654411,786599,-23078,-109991,-50066,-83003,91515,-69390,28822,-6697
16-03-2020,TOTAL,338863,338863,1704904,1704904,1055323,869398,1055323,869398,343042,172332,343042,172332,4483862,4483862,0,0,0,0,0,0,0,0
16-03-2021,Client,197172,168662,790294,181365,1348879,857249,1229774,1042626,660481,179282,413837,263665,4033357,3299929,28510,119105,-185377,332992,608929,246644,-84383,939956
16-03-2021,DII,696,44829,32332,827539,267,13288,0,0,0,0,13772,0,46583,886140,-44133,267,13288,-57154,-795207,-13772,0,-808979
16-03-2021,FII,73696,54693,615262,537071,290862,373778,225424,189986,39754,38196,55596,36680,1431548,1099450,19003,65438,183792,-99351,78191,-15842,1516,60833
16-03-2021,Pro,28363,31743,194456,86369,348794,313263,533604,324966,102920,179192,319950,96325,1166988,1392957,-3380,-184810,-11703,-176487,108087,-217030,82867,-191810
16-03-2021,TOTAL,299927,299927,1632344,1632344,1988802,1557578,1988802,1557578,803155,396670,803155,396670,6678476,6678476,0,0,0,0,0,0,0,0
16-04-2020,Client,96529,127257,327915,192619,279448,337394,281935,446952,147012,112668,127659,81248,1300966,1257670,-30728,-2487,-109558,76343,135296,19353,31420,123229
16-04-2020,DII,36730,4159,66556,779013,4530,61741,0,0,0,0,2193,0,169557,785365,32571,4530,61741,-24640,-712457,-2193,0,-714650
16-04-2020,FII,69002,68938,1015383,432441,113951,160604,87999,91578,8248,8761,9474,7956,1375949,698386,64,25952,69026,-43010,582942,-1226,805,580911
16-04-2020,Pro,20524,22431,94474,100255,75589,92572,103584,113781,61093,38104,77027,70329,382356,487407,-1907,-27995,-21209,-8693,-5781,-15934,-32225,10510
16-04-2020,TOTAL,222785,222785,1504328,1504328,473518,652311,473518,652311,216353,159533,216353,159533,3228828,3228828,0,0,0,0,0,0,0,0
16-04-2021,Client,148411,125052,861098,222819,733609,835798,794637,989667,609149,221410,375955,266311,3409475,2774441,23359,-61028,-153869,116200,638279,233194,-44901,916374
16-04-2021,DII,695,46246,26944,881415,267,23303,0,0,159,0,32836,0,51368,960497,-45551,267,23303,-68587,-854471,-32677,0,-887148
16-04-2021,FII,88129,56974,610897,499361,234056,345986,141411,198084,49435,42146,69047,45328,1370649,1010205,31155,92645,147902,-24102,111536,-19612,-3182,95106
16-04-2021,Pro,14911,23874,179099,74443,267439,283353,299323,300689,122321,169369,303226,121286,1036492,1122841,-8963,-31884,-17336,-23511,104656,-180905,48083,-124332
16-04-2021,TOTAL,252146,252146,1678038,1678038,1235371,1488440,1235371,1488440,781064,432925,781064,432925,5867984,5867984,0,0,0,0,0,0,0,0
16-06-2020,Client,127857,119225,458672,215777,704466,755062,680509,826028,366547,186232,264008,173821,2598836,2279368,8632,23957,-70966,103555,242895,102539,12411,333023
16-06-2020,DII,28157,20371,57615,911182,4584,70199,0,0,163,4,4138,0,160722,935691,7786,4584,70199,-57829,-853567,-3975,4,-857546
16-06-2020,FII,59176,64643,1054230,495149,219609,257625,170476,180889,23599,25505,29314,28133,1639744,968604,-5467,49133,76736,-33070,559081,-5715,-2628,555994
16-06-2020,Pro,23189,34140,142065,90474,204726,210760,282400,286729,102341,106761,195190,116548,789842,1005481,-10951,-77674,-75969,-12656,51591,-92849,-9787,-31471
16-06-2020,TOTAL,238379,238379,1712582,1712582,1133385,1293646,1133385,1293646,492650,318502,492650,318502,5189144,5189144,0,0,0,0,0,0,0,0
16-06-2021,Client,146745,147061,1074949,214375,1460241,1166957,1455867,1422438,1050671,279167,617042,416258,5178730,4273041,-316,4374,-255481,259539,860574,433629,-137091,1431294
16-06-2021,DII,1877,40194,30503,1069856,267,62883,0,0,0,0,83781,0,95530,1193831,-38317,267,62883,-100933,-1039353,-83781,0,-1123134
16-06-2021,FII,74416,28796,725464,702833,334029,361790,232964,190968,68595,90345,134243,60301,1654639,1350105,45620,101065,170822,-24137,22631,-65648,30044,-73061
16-06-2021,Pro,19612,26599,256156,100008,421832,424610,527538,402834,200431,267134,484631,160087,1589775,1701697,-6987,-105706,21776,-134469,156148,-284200,107047,-235099
16-06-2021,TOTAL,242650,242650,2087072,2087072,2216369,2016240,2216369,2016240,1319697,636646,1319697,636646,8518674,8518674,0,0,0,0,0,0,0,0
16-07-2020,Client,133496,121448,486090,231967,425929,563191,450311,640052,437309,178492,278623,195932,2224507,1918333,12048,-24382,-76861,64527,254123,158686,-17440,430249
16-07-2020,DII,16068,22546,25611,792188,267,46370,0,0,56,0,8530,0,88372,823264,-6478,267,46370,-52581,-766577,-8474,0,-775051
16-07-2020,FII,56262,58292,879236,421523,160373,226881,108519,141626,26276,23797,43147,22115,1372825,795222,-2030,51854,85255,-35431,457713,-16871,1682,439160
16-07-2020,Pro,24127,27667,144369,89628,152799,171929,180538,226693,103407,129014,236748,113256,725645,874530,-3540,-27739,-54764,23485,54741,-133341,15758,-94358
16-07-2020,TOTAL,229953,229953,1535306,1535306,739368,1008371,739368,1008371,567048,331303,567048,331303,4411349,4411349,0,0,0,0,0,0,0,0
16-07-2021,Client,168708,176642,1192737,207760,1239683,1221373,1335141,1453171,995659,306563,617087,446862,5124723,4236663,-7934,-95458,-231798,128406,984977,378572,-140299,1503848
16-07-2021,DII,2698,53898,31447,1200956,401,36570,0,0,0,0,79421,0,71116,1334275,-51200,401,36570,-87369,-1169509,-79421,0,-1248930
16-07-2021,FII,98888,45350,706337,704734,296194,391888,191300,213368,64586,67105,106515,60831,1624998,1322097,53538,104894,178520,-20088,1603,-41929,6274,-46600
16-07-2021,Pro,30899,25303,289142,106213,395953,419524,405790,402817,186222,283718,443444,149693,1605458,1533259,5596,-9837,16707,-20948,182929,-257222,134025,-208318
16-07-2021,TOTAL,301193,301193,2219663,2219663,1932230,2069355,1932230,2069355,1246467,657386,1246467,657386,8426294,8426294,0,0,0,0,0,0,0,0
16-09-2020,Client,146858,110011,621035,191383,874017,1004495,823093,1115854,586742,169831,354299,236269,3402978,2830909,36847,50924,-111359,199130,429652,232443,-66438,728533
16-09-2020,DII,5832,39159,33740,733958,267,34441,0,0,98,0,2446,0,74378,775563,-33327,267,34441,-67501,-700218,-2348,0,-702566
16-09-2020,FII,68916,70225,682801,528825,209090,342291,143975,192398,29240,26610,42070,16419,1358948,993912,-1309,65115,149893,-86087,153976,-12830,10191,130955
16-09-2020,Pro,29456,31667,201264,84674,256395,284912,372701,357887,92562,156877,309827,100630,1021466,1257386,-2211,-116306,-72975,-45542,116590,-217265,56247,-156922
16-09-2020,TOTAL,251062,251062,1538840,1538840,1339769,1666139,1339769,1666139,708642,353318,708642,353318,5857770,5857770,0,0,0,0,0,0,0,0
16-10-2020,Client,107645,119682,617015,149216,748221,792884,731925,937834,527092,166394,330723,210793,2959251,2480173,-12037,16296,-144950,149209,467799,196369,-44399,708567
16-10-2020,DII,1940,37627,31070,734633,267,39391,0,0,0,0,389,0,72668,772649,-35687,267,39391,-74811,-703563,-389,0,-703952
16-10-2020,FII,92605,47483,632012,484010,223858,336156,142384,197776,25471,24137,34844,19480,1334239,925977,45122,81474,138380,-11784,148002,-9373,4657,133972
16-10-2020,Pro,29162,26560,162724,74962,209211,228594,307248,261415,93339,138259,279946,98517,861289,1048648,2602,-98037,-32821,-62614,87762,-186607,39742,-138587
16-10-2020,TOTAL,231352,231352,1442821,1442821,1181557,1397025,1181557,1397025,645902,328790,645902,328790,5227447,5227447,0,0,0,0,0,0,0,0
16-12-2020,Client,132163,143847,677349,208432,982280,1316960,955802,1350590,529551,219483,349276,254725,3857786,3262672,-11684,26478,-33630,48424,468917,180275,-35242,684434
16-12-2020,DII,2862,45808,29347,729620,267,41089,0,0,540,0,3119,0,74105,778547,-42946,267,41089,-83768,-700273,-2579,0,-702852
16-12-2020,FII,97636,35257,724306,577959,258492,300293,183421,226099,20438,26264,29475,22272,1427429,1074483,62379,75071,74194,63256,146347,-9037,3992,133318
16-12-2020,Pro,25176,32925,187303,102294,285289,334065,387105,415718,129085,162265,297744,131015,1123183,1366801,-7749,-101816,-81653,-27912,85009,-168659,31250,-114900
16-12-2020,TOTAL,257837,257837,1618305,1618305,1526328,1992407,1526328,1992407,679614,408012,679614,408012,6482503,6482503,0,0,0,0,0,0,0,0
17-01-2020,Client,125224,114511,756642,226489,529979,528627,573012,765067,325951,150377,243736,169444,2416800,2092259,10713,-43033,-236440,204120,530153,82215,-19067,631435
17-01-2020,DII,44871,41378,25488,1098684,4317,65841,0,0,0,0,854,0,140517,1140916,3493,4317,65841,-58031,-1073196,-854,0,-1074050
17-01-2020,FII,80919,79939,1017874,525550,194531,318181,95521,111956,18664,28061,25357,17001,1658230,855324,980,99010,206225,-106235,492324,-6693,11060,474571
17-01-2020,Pro,16849,32035,164649,113930,132745,175900,193039,211526,73759,82231,148427,74224,646133,773181,-15186,-60294,-35626,-39854,50719,-74668,8007,-31956
17-01-2020,TOTAL,267863,267863,1964653,1964653,861572,1088549,861572,1088549,418374,260669,418374,260669,4861680,4861680,0,0,0,0,0,0,0,0
17-02-2020,Client,176470,84717,808904,245603,811741,506672,732066,758518,395331,147411,269623,177106,2846529,2267633,91753,79675,-251846,423274,563301,125708,-29695,718704
17-02-2020,DII,26311,22076,34623,1070398,4317,83777,0,0,3112,0,3065,14,152140,1095553,4235,4317,83777,-75225,-1035775,47,-14,-1035714
17-02-2020,FII,26766,123086,967073,583006,179127,304568,92701,108868,18963,19819,22075,13508,1516316,943244,-96320,86426,195700,-205594,384067,-3112,6311,374644
17-02-2020,Pro,19182,18850,199815,111408,156309,155638,326727,183269,63171,92469,185814,69071,686584,895139,332,-170418,-27631,-142455,88407,-122643,23398,-57634
17-02-2020,TOTAL,248729,248729,2010415,2010415,1151494,1050655,1151494,1050655,480577,259699,480577,259699,5201569,5201569,0,0,0,0,0,0,0,0
17-02-2021,Client,139064,129754,762068,205055,1100902,1123376,1012515,1199293,660706,246070,430031,291483,4032186,3268131,9310,88387,-75917,173614,557013,230675,-45413,833101
17-02-2021,DII,1217,41655,22753,811645,267,9487,0,0,0,216,7251,0,33940,860551,-40438,267,9487,-49658,-788892,-7251,216,-796359
17-02-2021,FII,74848,45841,689605,540905,273674,365159,210618,248916,46320,42587,74890,39874,1492193,1161044,29007,63056,116243,-24180,148700,-28570,2713,117417
17-02-2021,Pro,30047,27926,193676,110497,323938,345837,475648,395650,137491,180185,332345,137701,1211174,1479767,2121,-151710,-49813,-99776,83179,-194854,42484,-154159
17-02-2021,TOTAL,245176,245176,1668102,1668102,1698781,1843859,1698781,1843859,844517,469058,844517,469058,6769493,6769493,0,0,0,0,0,0,0,0
17-03-2020,Client,168276,107642,471838,192350,694228,327962,623044,523129,253004,74257,191015,99635,1989565,1736815,60634,71184,-195167,326985,279488,61989,-25378,366855
17-03-2020,DII,61713,4760,67433,938969,19064,66102,0,0,0,0,2023,0,214312,945752,56953,19064,66102,9915,-871536,-2023,0,-873559
17-03-2020,FII,80634,175092,995126,484823,231895,370549,182554,190975,22891,15993,17755,13910,1717088,1065109,-94458,49341,179574,-224691,510303,5136,2083,513356
17-03-2020,Pro,21158,44287,160123,78378,179639,174562,319228,225071,73021,85575,138123,62280,694078,867367,-23129,-139589,-50509,-112209,81745,-65102,23295,-6652
17-03-2020,TOTAL,331781,331781,1694520,1694520,1124826,939175,1124826,939175,348916,175825,348916,175825,4615043,4615043,0,0,0,0,0,0,0,0
17-03-2021,Client,196533,170128,783958,165296,1465328,823779,1306745,1029525,674318,169298,415932,261530,4113214,3349156,26405,158583,-205746,390734,618662,258386,-92232,969280
17-03-2021,DII,696,37529,32138,834256,267,14888,0,0,0,0,12899,0,47989,884684,-36833,267,14888,-51454,-802118,-12899,0,-815017
17-03-2021,FII,75277,56673,611496,533810,311342,374198,248097,180485,37221,37249,56790,35979,1446783,1111834,18604,63245,193713,-111864,77686,-19569,1270,56847
17-03-2021,Pro,23692,31868,192857,87087,353864,322279,575959,325134,99890,182939,325808,91977,1175521,1437833,-8176,-222095,-2855,-227416,105770,-225918,90962,-211110
17-03-2021,TOTAL,296198,296198,1620449,1620449,2130801,1535144,2130801,1535144,811429,389486,811429,389486,6783507,6783507,0,0,0,0,0,0,0,0
17-04-2020,Client,91971,119738,335696,186944,353382,444806,355876,535763,152614,119828,132696,86177,1498297,1417194,-27767,-2494,-90957,60696,148752,19918,33651,135019
17-04-2020,DII,39413,4039,66652,780998,4530,62556,0,0,0,0,2193,0,173151,787230,35374,4530,62556,-22652,-714346,-2193,0,-716539
17-04-2020,FII,67820,67846,1011512,442442,126391,176436,95584,108787,9733,11305,11712,9604,1403197,735975,-26,30807,67649,-36868,569070,-1979,1701,565390
17-04-2020,Pro,17083,24664,96739,100215,95628,101034,128471,140282,66565,39420,82311,74772,416469,550715,-7581,-32843,-39248,-1176,-3476,-15746,-35352,16130
17-04-2020,TOTAL,216287,216287,1510599,1510599,579931,784832,579931,784832,228912,170553,228912,170553,3491114,3491114,0,0,0,0,0,0,0,0
17-05-2021,Client,172845,103056,996711,261607,807999,1243329,952993,1331908,784850,253707,475242,322450,4259441,3447256,69789,-144994,-88579,13374,735104,309608,-68743,1113455
17-05-2021,DII,3186,39504,39405,1089306,267,20266,0,0,0,0,44588,0,63124,1173398,-36318,267,20266,-56317,-1049901,-44588,0,-1094489
17-05-2021,FII,54585,63964,800286,610940,289008,387567,167093,258287,55986,52727,81157,53986,1640159,1235427,-9379,121915,129280,-16744,189346,-25171,-1259,165434
17-05-2021,Pro,12673,36765,231790,106339,363739,424004,340927,484971,163535,217320,403384,147318,1413061,1519704,-24092,22812,-60967,59687,125451,-239849,70002,-184400
17-05-2021,TOTAL,243289,243289,2068192,2068192,1461013,2075166,1461013,2075166,1004371,523754,1004371,523754,7375785,7375785,0,0,0,0,0,0,0,0
17-06-2020,Client,135280,124725,466469,226603,808253,869934,724639,905189,375860,197278,272371,179338,2853074,2432865,10555,83614,-35255,129424,239866,103489,17940,325415
17-06-2020,DII,26861,20698,56706,911512,4584,70121,0,0,163,199,4646,0,158634,936856,6163,4584,70121,-59374,-854806,-4483,199,-859488
17-06-2020,FII,59533,60043,1067357,502209,214559,259255,179153,190471,24596,25052,29282,27945,1650352,989103,-510,35406,68784,-33888,565148,-4686,-2893,563355
17-06-2020,Pro,25862,42070,150069,100277,224634,220668,348238,324318,104797,105517,199117,120763,831547,1134783,-16208,-123604,-103650,-36162,49792,-94320,-15246,-29282
17-06-2020,TOTAL,247536,247536,1740601,1740601,1252030,1419978,1252030,1419978,505416,328046,505416,328046,5493607,5493607,0,0,0,0,0,0,0,0
17-06-2021,Client,144378,146819,1079807,204427,783350,695555,829257,933153,1077175,274317,636114,421614,4054582,3171384,-2441,-45907,-237598,189250,875380,441061,-147297,1463738
17-06-2021,DII,1871,40107,30559,1075124,267,60573,0,0,0,0,84155,0,93270,1199386,-38236,267,60573,-98542,-1044565,-84155,0,-1128720
17-06-2021,FII,73321,30085,731827,717096,206643,295337,94841,122856,65903,89114,133581,57724,1462145,1156183,43236,111802,172481,-17443,14731,-67678,31390,-84337
17-06-2021,Pro,21988,24547,257797,103343,212167,252107,278329,247563,195613,270500,484841,154593,1210172,1293216,-2559,-66162,4544,-73265,154454,-289228,115907,-250681
17-06-2021,TOTAL,241558,241558,2099990,2099990,1202427,1303572,1202427,1303572,1338691,633931,1338691,633931,6820169,6820169,0,0,0,0,0,0,0,0
17-07-2020,Client,134581,122615,487858,230106,496286,790964,550347,827155,431861,193470,282274,200239,2535020,2212736,11966,-54061,-36191,-5904,257752,149587,-6769,414108
17-07-2020,DII,16068,24265,27007,796029,267,46370,0,0,98,0,8530,0,89810,828824,-8197,267,46370,-54300,-769022,-8432,0,-777454
17-07-2020,FII,60385,53247,880806,421817,188129,250860,127450,168686,25065,24099,43082,21916,1429344,836198,7138,60679,82174,-14357,458989,-18017,2183,438789
17-07-2020,Pro,21360,32267,147590,95309,216726,231769,223611,324122,111002,122801,234140,118215,851248,1027664,-10907,-6885,-92353,74561,52281,-123138,4586,-75443
17-07-2020,TOTAL,232394,232394,1543261,1543261,901408,1319963,901408,1319963,568026,340370,568026,340370,4905422,4905422,0,0,0,0,0,0,0,0
17-08-2020,Client,95013,105458,557523,163103,676440,801756,662609,871825,489657,196725,312565,221024,2817114,2336584,-10445,13831,-70069,73455,394420,177092,-24299,595811
17-08-2020,DII,10348,37824,22697,752379,1577,36264,0,0,0,0,7425,0,70886,797628,-27476,1577,36264,-62163,-729682,-7425,0,-737107
17-08-2020,FII,80409,41954,774080,512332,166381,239218,102520,159615,21250,25954,31289,18097,1307292,865807,38455,63861,79603,22713,261748,-10039,7857,243852
17-08-2020,Pro,25853,26387,162255,88741,207453,257412,286722,303210,98956,130417,258584,113975,882346,1077619,-534,-79269,-45798,-34005,73514,-159628,16442,-102556
17-08-2020,TOTAL,211623,211623,1516555,1516555,1051851,1334650,1051851,1334650,609863,353096,609863,353096,5077638,5077638,0,0,0,0,0,0,0,0
17-09-2020,Client,148815,112017,632991,194091,577078,569049,561438,753783,615925,166017,367890,241247,2709875,2230466,36798,15640,-184734,237172,438900,248035,-75230,762165
17-09-2020,DII,5632,39310,33945,730678,267,34441,0,0,98,0,2446,0,74383,772434,-33678,267,34441,-67852,-696733,-2348,0,-699081
17-09-2020,FII,66679,75875,680656,538484,167669,311534,99187,153158,29922,27543,43601,15710,1284003,926015,-9196,68482,158376,-99090,142172,-13679,11833,116660
17-09-2020,Pro,32645,26569,205496,89835,143355,160435,227744,168518,90372,162263,322380,98866,794566,933912,6076,-84389,-8083,-70230,115661,-232008,63397,-179744
17-09-2020,TOTAL,253771,253771,1553088,1553088,888369,1075459,888369,1075459,736317,355823,736317,355823,4862827,4862827,0,0,0,0,0,0,0,0
17-11-2020,Client,115845,145831,631436,189483,702853,1176220,730211,1166256,456218,261095,328073,216485,3343667,2776339,-29986,-27358,9964,-67308,441953,128145,44610,525488
17-11-2020,DII,2915,38611,32892,764871,267,27036,0,0,0,0,4460,0,63110,807942,-35696,267,27036,-62465,-731979,-4460,0,-736439
17-11-2020,FII,110728,47893,783683,528398,223354,298760,136906,242475,23114,22670,30393,20572,1462309,1006637,62835,86448,56285,92998,255285,-7279,2098,245908
17-11-2020,Pro,33471,30624,156924,122183,254625,264025,313982,357310,128498,112765,244904,159473,950308,1228476,2847,-59357,-93285,36775,34741,-116406,-46708,-34957
17-11-2020,TOTAL,262959,262959,1604935,1604935,1181099,1766041,1181099,1766041,607830,396530,607830,396530,5819394,5819394,0,0,0,0,0,0,0,0
17-12-2020,Client,134870,146946,675513,208709,483732,875818,527246,955427,558594,223531,363423,262014,2952058,2463765,-12076,-43514,-79609,24019,466804,195171,-38483,700458
17-12-2020,DII,2862,46149,29344,724661,267,50089,0,0,540,0,3119,0,83102,773929,-43287,267,50089,-93109,-695317,-2579,0,-697896
17-12-2020,FII,105279,47414,720473,577935,190015,252461,124645,198831,21014,27762,30414,23318,1317004,1002557,57865,65370,53630,69605,142538,-9400,4444,128694
17-12-2020,Pro,26808,29310,191120,105145,178828,259234,200951,283344,131844,170597,315036,136558,958431,1070344,-2502,-22123,-24110,-515,85975,-183192,34039,-131256
17-12-2020,TOTAL,269819,269819,1616450,1616450,852842,1437602,852842,1437602,711992,421890,711992,421890,5310595,5310595,0,0,0,0,0,0,0,0
18-01-2021,Client,137980,144986,717380,225359,1146003,896721,1026338,1077643,679808,199997,413989,288941,3777889,3177256,-7006,119665,-180922,293581,492021,265819,-88944,846784
18-01-2021,DII,3329,47107,16663,769218,832,30983,0,0,267,44,1807,0,52118,818132,-43778,832,30983,-73929,-752555,-1540,44,-754139
18-01-2021,FII,79536,39338,688098,531236,207351,307676,158075,185359,41122,35356,77384,32098,1359139,1023490,40198,49276,122317,-32843,156862,-36262,3258,117342
18-01-2021,Pro,35416,24830,197971,94299,307140,352914,476913,325292,135249,200164,363266,114522,1228854,1399122,10586,-169773,27622,-186809,103672,-228017,85642,-209987
18-01-2021,TOTAL,256261,256261,1620112,1620112,1661326,1588294,1661326,1588294,856446,435561,856446,435561,6418000,6418000,0,0,0,0,0,0,0,0
18-02-2020,Client,170074,81903,815033,231088,844401,524061,732040,773505,404566,138776,273909,174785,2896911,2267230,88171,112361,-249444,449976,583945,130657,-36009,750611
18-02-2020,DII,26311,17717,35748,1078633,4317,71777,0,0,3112,0,3059,14,141265,1099423,8594,4317,71777,-58866,-1042885,53,-14,-1042818
18-02-2020,FII,34212,133218,962885,596513,176246,322828,97219,106430,18587,22006,21861,15268,1536764,970509,-99006,79027,216398,-236377,366372,-3274,6738,356360
18-02-2020,Pro,21100,18859,213329,120761,160905,156818,356610,195549,63784,95273,191220,65988,711209,948987,2241,-195705,-38731,-154733,92568,-127436,29285,-64153
18-02-2020,TOTAL,251697,251697,2026995,2026995,1185869,1075484,1185869,1075484,490049,256055,490049,256055,5286149,5286149,0,0,0,0,0,0,0,0
18-02-2021,Client,137904,128906,770709,207986,606189,672976,593924,769517,673014,237780,434072,289935,3098572,2424340,8998,12265,-96541,117804,562723,238942,-52155,853820
18-02-2021,DII,1609,43338,23204,811990,1467,9487,0,0,0,216,7256,0,35983,862584,-41729,1467,9487,-49749,-788786,-7256,216,-796258
18-02-2021,FII,78261,50276,685721,548900,181053,292102,114207,188638,48407,43740,77608,39327,1329284,1018956,27985,66846,103464,-8633,136821,-29201,4413,103207
18-02-2021,Pro,30353,25607,198966,109724,194018,206179,274596,222589,138838,186067,341323,138541,954421,1112380,4746,-80578,-16410,-59422,89242,-202485,47526,-160769
18-02-2021,TOTAL,248127,248127,1678600,1678600,982727,1180744,982727,1180744,860259,467803,860259,467803,5418260,5418260,0,0,0,0,0,0,0,0
18-03-2020,Client,160671,116092,450041,178132,801842,337488,688851,533593,251654,72738,192845,93594,2074434,1803107,44579,112991,-196105,353675,271909,58809,-20856,351574
18-03-2020,DII,63835,5679,72379,945974,19064,66388,0,0,0,0,2316,0,221666,953969,58156,19064,66388,10832,-873595,-2316,0,-875911
18-03-2020,FII,93160,183024,1016791,478466,241751,370839,190842,194568,24274,16193,18272,14438,1763008,1079610,-89864,50909,176271,-215226,538325,6002,1755,542572
18-03-2020,Pro,27777,40648,153449,90088,177819,175589,360783,222143,75287,84069,137782,64968,693990,916412,-12871,-182964,-46554,-149281,63361,-62495,19101,-18235
18-03-2020,TOTAL,345443,345443,1692660,1692660,1240476,950304,1240476,950304,351215,173000,351215,173000,4753098,4753098,0,0,0,0,0,0,0,0
18-03-2021,Client,194924,175505,765121,151029,720606,559162,691903,742179,654865,156250,399909,252933,3050928,2413458,19419,28703,-183017,231139,614092,254956,-96683,965731
18-03-2021,DII,696,36498,32466,834713,267,13178,0,0,0,0,13055,0,46607,884266,-35802,267,13178,-48713,-802247,-13055,0,-815302
18-03-2021,FII,77376,56039,614844,529211,183269,314216,127261,141300,38729,36594,56979,35165,1265028,945955,21337,56008,172916,-95571,85633,-18250,1429,65954
18-03-2021,Pro,28591,33545,190210,87688,198230,212318,283208,215395,100397,182645,324048,87391,912391,1031275,-4954,-84978,-3077,-86855,102522,-223651,95254,-216383
18-03-2021,TOTAL,301587,301587,1602641,1602641,1102372,1098874,1102372,1098874,793991,375489,793991,375489,5274954,5274954,0,0,0,0,0,0,0,0
18-05-2020,Client,105542,99708,448806,155493,793068,408926,641906,567445,353186,110414,221448,136449,2219942,1822449,5834,151162,-158519,315515,293313,131738,-26035,451086
18-05-2020,DII,28570,7069,38011,847432,4584,66334,0,0,0,0,941,0,137499,855442,21501,4584,66334,-40249,-809421,-941,0,-810362
18-05-2020,FII,28856,74326,989455,566473,123808,201607,123562,113640,12515,17566,23753,12849,1373807,914603,-45470,246,87967,-133191,422982,-11238,4717,407027
18-05-2020,Pro,40418,22283,164891,71765,155052,152981,311044,148763,62576,91445,182135,70127,667363,806117,18135,-155992,4218,-142075,93126,-119559,21318,-47751
18-05-2020,TOTAL,203386,203386,1641163,1641163,1076512,829848,1076512,829848,428277,219425,428277,219425,4398611,4398611,0,0,0,0,0,0,0,0
18-05-2021,Client,144828,117359,998079,231398,945791,1342018,1044717,1410018,755753,270761,473775,321804,4457230,3599071,27469,-98926,-68000,-3457,766681,281978,-51043,1099702
18-05-2021,DII,3160,41460,38770,1092091,267,24587,0,0,0,0,52248,0,66784,1185799,-38300,267,24587,-62620,-1053321,-52248,0,-1105569
18-05-2021,FII,74158,54290,802609,622429,375999,428581,215122,284321,59160,55458,83307,55854,1795965,1315323,19868,160877,144260,36485,180180,-24147,-396,156429
18-05-2021,Pro,18002,27039,222298,115838,355593,405577,417811,506424,177239,214318,382822,162879,1393027,1612813,-9037,-62218,-100847,29592,106460,-205583,51439,-150562
18-05-2021,TOTAL,240148,240148,2061756,2061756,1677650,2200763,1677650,2200763,992152,540537,992152,540537,7713006,7713006,0,0,0,0,0,0,0,0
18-06-2020,Client,144090,142596,472111,240347,402542,618911,422680,681630,354197,213435,265957,179110,2205286,1932320,1494,-20138,-62719,44075,231764,88240,34325,285679
18-06-2020,DII,23861,20434,60104,914075,4584,76787,0,0,163,199,5096,0,165698,939605,3427,4584,76787,-68776,-853971,-4933,199,-859103
18-06-2020,FII,60064,55955,1072277,491198,194189,229784,147094,173514,24773,24737,27802,28446,1605824,924009,4109,47095,56270,-5066,581079,-3029,-3709,581759
18-06-2020,Pro,27981,37011,157016,115888,141700,143316,173241,213654,111676,102119,191954,132934,683808,864682,-9030,-31541,-70338,29767,41128,-80278,-30815,-8335
18-06-2020,TOTAL,255996,255996,1761508,1761508,743015,1068798,743015,1068798,490809,340490,490809,340490,4660616,4660616,0,0,0,0,0,0,0,0
18-06-2021,Client,131857,139944,1070742,176590,1046449,901406,1098871,1155729,1026188,256167,608663,404066,4432809,3583863,-8087,-52422,-254323,193814,894152,417525,-147899,1459576
18-06-2021,DII,1896,37845,30596,1081822,267,56850,0,0,0,0,84026,0,89609,1203693,-35949,267,56850,-92532,-1051226,-84026,0,-1135252
18-06-2021,FII,78919,37555,726790,716606,222648,338783,118176,163134,59736,84093,122522,52677,1510969,1210670,41364,104472,175649,-29813,10184,-62786,31416,-84018
18-06-2021,Pro,23294,20622,251885,104995,282843,324666,335160,302842,191068,262687,461781,146204,1336443,1371604,2672,-52317,21824,-71469,146890,-270713,116483,-240306
18-06-2021,TOTAL,235966,235966,2080013,2080013,1552207,1621705,1552207,1621705,1276992,602947,1276992,602947,7369830,7369830,0,0,0,0,0,0,0,0
18-08-2020,Client,101285,107842,558874,163069,627914,958308,649130,985242,482754,206053,314255,222362,2935188,2441900,-6557,-21216,-26934,-839,395805,168499,-16309,580613
18-08-2020,DII,10482,37824,23182,750667,1577,36264,0,0,0,0,7425,0,71505,795916,-27342,1577,36264,-62029,-727485,-7425,0,-734910
18-08-2020,FII,80010,43493,772300,511700,166863,243891,95647,157146,22364,25680,31637,18189,1311108,857812,36517,71216,86745,20988,260600,-9273,7491,243836
18-08-2020,Pro,24793,27411,166173,95093,239606,264763,291183,360838,102724,128072,254525,119254,926131,1148304,-2618,-51577,-96075,41880,71080,-151801,8818,-89539
18-08-2020,TOTAL,216570,216570,1520529,1520529,1035960,1503226,1035960,1503226,607842,359805,607842,359805,5243932,5243932,0,0,0,0,0,0,0,0
18-09-2020,Client,124176,114780,625686,170120,745883,660791,717346,854803,582819,159697,346372,233884,2899052,2437305,9396,28537,-194012,231945,455566,236447,-74187,766200
18-09-2020,DII,4832,37368,34724,728623,267,34441,0,0,98,0,2464,0,74362,768455,-32536,267,34441,-66710,-693899,-2366,0,-696265
18-09-2020,FII,71132,57600,665587,543162,191907,326607,116886,161694,28400,26683,42368,15441,1310316,937151,13532,75021,164913,-76360,122425,-13968,11242,97215
18-09-2020,Pro,32008,22400,201475,85567,187856,199678,291681,205020,92488,160773,312601,97828,874278,1015097,9608,-103825,-5342,-88875,115908,-220113,62945,-167150
18-09-2020,TOTAL,232148,232148,1527472,1527472,1125913,1221517,1125913,1221517,703805,347153,703805,347153,5158008,5158008,0,0,0,0,0,0,0,0
18-11-2020,Client,117285,149296,640325,191900,693171,1264291,730106,1243285,460770,267431,331192,220752,3443273,2866531,-32011,-36935,21006,-89952,448425,129578,46679,531324
18-11-2020,DII,2788,39111,33099,766630,267,27036,0,0,0,0,4460,0,63190,810201,-36323,267,27036,-63092,-733531,-4460,0,-737991
18-11-2020,FII,114044,45864,785377,534180,252432,326208,159972,257424,23042,23573,31196,20973,1524676,1049609,68180,92460,68784,91856,251197,-8154,2600,240443
18-11-2020,Pro,32652,32498,160640,126731,270591,304809,326383,421635,134476,117877,251440,167156,1021045,1325843,154,-55792,-116826,61188,33909,-116964,-49279,-33776
18-11-2020,TOTAL,266769,266769,1619441,1619441,1216461,1922344,1216461,1922344,618288,408881,618288,408881,6052184,6052184,0,0,0,0,0,0,0,0
18-12-2020,Client,132242,146566,668830,201473,701371,994708,712937,1100192,567740,223908,368670,261813,3288799,2791651,-14324,-11566,-105484,79594,467357,199070,-37905,704332
18-12-2020,DII,2850,46530,28749,721432,267,50089,0,0,540,0,3169,0,82495,771131,-43680,267,50089,-93502,-692683,-2629,0,-695312
18-12-2020,FII,105482,48775,719818,582364,224858,280094,150484,211724,20768,27852,30811,23408,1378872,1047566,56707,74374,68370,62711,137454,-10043,4444,122967
18-12-2020,Pro,28743,27446,186626,98754,241245,295200,304320,308175,128429,169303,314827,135842,1049546,1189364,1297,-63075,-12975,-48803,87872,-186398,33461,-131987
18-12-2020,TOTAL,269317,269317,1604023,1604023,1167741,1620091,1167741,1620091,717477,421063,717477,421063,5799712,5799712,0,0,0,0,0,0,0,0
19-01-2021,Client,136745,144441,724755,215336,993402,1125747,961100,1207234,654972,212636,413663,283410,3848257,3225184,-7696,32302,-81487,106093,509419,241309,-70774,821502
19-01-2021,DII,3329,47187,17432,783444,832,30983,0,0,267,44,1807,0,52887,832438,-43858,832,30983,-74009,-766012,-1540,44,-767596
19-01-2021,FII,86486,42154,690095,522038,226762,295056,153104,194533,42397,36594,74881,33185,1377390,1019895,44332,73658,100523,17467,168057,-32484,3409,132164
19-01-2021,Pro,31534,24312,187726,99190,264940,316463,371732,366482,135918,186997,343203,119676,1123578,1324595,7222,-106792,-50019,-49551,88536,-207285,67321,-186070
19-01-2021,TOTAL,258094,258094,1620008,1620008,1485936,1768249,1485936,1768249,833554,436271,833554,436271,6402112,6402112,0,0,0,0,0,0,0,0
19-02-2020,Client,168998,84582,816053,230440,723240,692740,687322,888635,391114,151443,272989,178164,2943588,2342132,84416,35918,-195895,316229,585613,118125,-26721,730459
19-02-2020,DII,26156,21686,36798,1086108,4317,71777,0,0,3112,0,3050,14,142160,1110858,4470,4317,71777,-62990,-1049310,62,-14,-1049234
19-02-2020,FII,36755,125575,972984,593773,185141,327791,89863,109270,21274,22766,23134,16648,1566711,958263,-88820,95278,218521,-212063,379211,-1860,6118,371233
19-02-2020,Pro,18706,18772,221381,136895,167973,167271,303486,261674,70395,92450,186722,71833,738176,979382,-66,-135513,-94403,-41176,84486,-116327,20617,-52458
19-02-2020,TOTAL,250615,250615,2047216,2047216,1080671,1259579,1080671,1259579,485895,266659,485895,266659,5390635,5390635,0,0,0,0,0,0,0,0
19-02-2021,Client,131739,123660,760684,196167,872199,760978,830694,888467,648938,217558,422170,276043,3392096,2737201,8079,41505,-127489,177073,564517,226768,-58485,849770
19-02-2021,DII,1613,45377,23074,811064,267,10112,0,0,0,216,7256,0,35282,863697,-43764,267,10112,-53609,-787990,-7256,216,-795462
19-02-2021,FII,78525,50293,687087,546261,228722,345213,149971,218413,48348,42911,76180,37742,1430806,1078860,28232,78751,126800,-19817,140826,-27832,5169,107825
19-02-2021,Pro,35779,28326,200898,118251,235206,255022,355729,264445,143112,184338,334792,131238,1054355,1232781,7453,-120523,-9423,-103647,82647,-191680,53100,-162133
19-02-2021,TOTAL,247656,247656,1671743,1671743,1336394,1371325,1336394,1371325,840398,445023,840398,445023,5912539,5912539,0,0,0,0,0,0,0,0
19-03-2020,Client,153182,108851,434214,180626,450272,259669,405127,458164,248525,72191,193204,90963,1618053,1436935,44331,45145,-198495,287971,253588,55321,-18772,327681
19-03-2020,DII,64694,5820,76023,958633,19064,66246,0,0,0,0,2462,0,226027,966915,58874,19064,66246,11692,-882610,-2462,0,-885072
19-03-2020,FII,92277,181366,1025164,461879,178172,345156,170826,179027,26123,16108,19005,15539,1683000,1027642,-89089,7346,166129,-247872,563285,7118,569,569834
19-03-2020,Pro,20529,34645,153327,87590,119150,127084,190705,160964,78728,85391,138705,67188,584209,679797,-14116,-71555,-33880,-51791,65737,-59977,18203,-12443
19-03-2020,TOTAL,330682,330682,1688728,1688728,766658,798155,766658,798155,353376,173690,353376,173690,4111289,4111289,0,0,0,0,0,0,0,0
19-03-2021,Client,192430,171145,750667,154863,792197,791634,822740,926949,603726,172775,379398,246258,3303429,2701353,21285,-30543,-135315,126057,595804,224328,-73483,893615
19-03-2021,DII,674,36660,30459,833615,267,13178,0,0,0,0,13459,0,44578,883734,-35986,267,13178,-48897,-803156,-13459,0,-816615
19-03-2021,FII,79209,45492,628942,519651,227126,358253,159829,187643,40401,37552,56100,37090,1371483,1005805,33717,67297,170610,-69596,109291,-15699,462,93130
19-03-2021,Pro,24639,43655,184919,86858,290107,248544,327128,297017,107376,168110,302546,95089,1023695,1152293,-19016,-37021,-48473,-7564,98061,-195170,73021,-170130
19-03-2021,TOTAL,296952,296952,1594987,1594987,1309697,1411609,1309697,1411609,751503,378437,751503,378437,5743185,5743185,0,0,0,0,0,0,0,0
19-04-2021,Client,137840,114870,855784,224263,945788,953815,973010,1087033,642249,211649,391177,267849,3747125,3058202,22970,-27222,-133218,128966,631521,251072,-56200,938793
19-04-2021,DII,631,40206,27468,885077,267,23703,0,0,159,0,33506,0,52228,958789,-39575,267,23703,-63011,-857609,-33347,0,-890956
19-04-2021,FII,81877,54659,616015,500575,261884,384483,172413,237686,50813,43768,71918,44601,1438840,1081852,27218,89471,146797,-30108,115440,-21105,-833,95168
19-04-2021,Pro,14279,24892,183536,72888,331197,356653,393713,393935,116558,175881,313178,118848,1178104,1317454,-10613,-62516,-37282,-35847,110648,-196620,57033,-143005
19-04-2021,TOTAL,234627,234627,1682803,1682803,1539136,1718654,1539136,1718654,809779,431298,809779,431298,6416297,6416297,0,0,0,0,0,0,0,0
19-05-2020,Client,100521,114821,446746,172188,746795,492525,639857,614287,348783,125114,226227,139181,2260484,1906561,-14300,106938,-121762,214400,274558,122556,-14067,411181
19-05-2020,DII,28441,12135,40067,861056,4584,69109,0,0,0,0,941,0,142201,874132,16306,4584,69109,-48219,-820989,-941,0,-821930
19-05-2020,FII,44661,49650,1013602,552116,149648,194625,124735,118165,13198,18885,23842,14154,1434619,882662,-4989,24913,76460,-56536,461486,-10644,4731,446111
19-05-2020,Pro,30799,27816,165328,80383,153694,150306,290129,174113,65552,86281,176523,76945,651960,825909,2983,-136435,-23807,-109645,84945,-110971,9336,-35362
19-05-2020,TOTAL,204422,204422,1665743,1665743,1054721,906565,1054721,906565,427533,230280,427533,230280,4489264,4489264,0,0,0,0,0,0,0,0
19-05-2021,Client,143433,114676,1016219,235182,1192007,1306360,1232066,1418317,803048,269093,497068,330159,4730160,3827468,28757,-40059,-111957,100655,781037,305980,-61066,1148083
19-05-2021,DII,3172,40460,41142,1090690,267,26587,0,0,0,0,53646,0,71168,1184796,-37288,267,26587,-63608,-1049548,-53646,0,-1103194
19-05-2021,FII,72023,50088,797624,634838,388700,431150,234850,283793,63582,60050,90752,58162,1813129,1352483,21935,153850,147357,28428,162786,-27170,1888,133728
19-05-2021,Pro,16811,30215,224165,118440,375585,428743,489643,490730,176606,223073,401770,163895,1444983,1694693,-13404,-114058,-61987,-65475,105725,-225164,59178,-178617
19-05-2021,TOTAL,235439,235439,2079150,2079150,1956559,2192840,1956559,2192840,1043236,552216,1043236,552216,8059440,8059440,0,0,0,0,0,0,0,0
19-06-2020,Client,132132,143892,470365,233161,492345,766293,512995,823416,324541,225905,252273,178817,2411581,2144554,-11760,-20650,-57123,24713,237204,72268,47088,262384
19-06-2020,DII,23856,20023,61839,914709,4584,79653,0,0,117,144,4967,0,170193,939699,3833,4584,79653,-71236,-852870,-4850,144,-857864
19-06-2020,FII,70540,55465,1081723,490772,218373,244948,169127,185418,24327,25967,27605,28509,1665878,956896,15075,49246,59530,4791,590951,-3278,-2542,590215
19-06-2020,Pro,26689,33837,160005,135290,184710,182256,217890,264316,118209,100968,182349,145658,772837,979340,-7148,-33180,-82060,41732,24715,-64140,-44690,5265
19-06-2020,TOTAL,253217,253217,1773932,1773932,900012,1273150,900012,1273150,467194,352984,467194,352984,5020489,5020489,0,0,0,0,0,0,0,0
19-07-2021,Client,170928,175245,1198207,215792,1878432,1206754,1779486,1521596,1069376,290474,643713,453581,5814171,4789413,-4317,98946,-314842,409471,982415,425663,-163107,1571185
19-07-2021,DII,2628,52712,31440,1203174,401,31070,0,0,0,0,81582,0,65539,1337468,-50084,401,31070,-80753,-1171734,-81582,0,-1253316
19-07-2021,FII,79511,52284,699233,708022,310688,431783,261848,227058,65289,71342,116518,60285,1657846,1426015,27227,48840,204725,-128658,-8789,-51229,11057,-71075
19-07-2021,Pro,48698,21524,300220,102112,457434,481505,605620,402458,180876,296949,473728,144899,1765681,1750341,27174,-148186,79047,-200059,198108,-292852,152050,-246794
19-07-2021,TOTAL,301765,301765,2229100,2229100,2646954,2151112,2646954,2151112,1315541,658765,1315541,658765,9303236,9303236,0,0,0,0,0,0,0,0
19-08-2020,Client,94817,108404,558798,161255,733216,1015556,708989,1054334,489416,208809,321796,221878,3100612,2576656,-13587,24227,-38778,49418,397543,167620,-13069,578232
19-08-2020,DII,10989,37517,24129,746587,1577,40023,0,0,0,0,7425,0,76718,791529,-26528,1577,40023,-64974,-722458,-7425,0,-729883
19-08-2020,FII,77795,43272,771168,515164,168085,247855,102202,158765,22839,25228,32893,18089,1312970,870385,34523,65883,89090,11316,256004,-10054,7139,238811
19-08-2020,Pro,26102,20510,167742,98831,222548,276017,314235,366352,105327,127087,255468,121157,924823,1176553,5592,-91687,-90335,4240,68911,-150141,5930,-87160
19-08-2020,TOTAL,209703,209703,1521837,1521837,1125426,1579451,1125426,1579451,617582,361124,617582,361124,5415123,5415123,0,0,0,0,0,0,0,0
19-10-2020,Client,106237,122426,631448,150771,805525,989179,783936,1100253,522881,179909,336912,214213,3235179,2708511,-16189,21589,-111074,116474,480677,185969,-34304,700950
19-10-2020,DII,1940,39194,31648,739331,267,39591,0,0,0,0,564,0,73446,779089,-37254,267,39591,-76578,-707683,-564,0,-708247
19-10-2020,FII,94771,47701,634805,490780,238117,346876,158229,207236,26767,23697,35530,20275,1365033,959751,47070,79888,139640,-12682,144025,-8763,3422,131840
19-10-2020,Pro,31540,25167,166483,83502,237411,264860,339155,333017,98769,136317,275411,105435,935380,1161687,6373,-101744,-68157,-27214,82981,-176642,30882,-124543
19-10-2020,TOTAL,234488,234488,1464384,1464384,1281320,1640506,1281320,1640506,648417,339923,648417,339923,5609038,5609038,0,0,0,0,0,0,0,0
19-11-2020,Client,111804,143147,638715,184483,541860,742985,539895,835108,504158,247088,343028,220965,2786610,2266626,-31343,1965,-92123,62745,454232,161130,26123,589239
19-11-2020,DII,2324,38997,33885,761541,267,27036,0,0,0,0,4460,0,63512,804998,-36673,267,27036,-63442,-727656,-4460,0,-732116
19-11-2020,FII,112949,53051,776542,545683,211464,281050,137703,202889,23784,25034,33400,20320,1430823,993046,59898,73761,78161,55498,230859,-9616,4714,216529
19-11-2020,Pro,36989,28871,167066,124501,178806,199863,254799,212937,131906,131139,278960,161976,845769,1062044,8118,-75993,-13074,-54801,42565,-147054,-30837,-73652
19-11-2020,TOTAL,264066,264066,1616208,1616208,932397,1250934,932397,1250934,659848,403261,659848,403261,5126714,5126714,0,0,0,0,0,0,0,0
20-01-2020,Client,122312,115786,757574,215162,841655,484974,752020,766499,362467,142865,259729,169055,2711847,2278251,6526,89635,-281525,377686,542412,102738,-26190,671340
20-01-2020,DII,44849,39438,25563,1103007,4317,65841,0,0,0,0,854,0,140570,1143299,5411,4317,65841,-56113,-1077444,-854,0,-1078298
20-01-2020,FII,92735,87034,1012380,536523,204456,349319,127043,116447,18661,28420,29271,16457,1705971,912775,5701,77413,232872,-149758,475857,-10610,11963,453284
20-01-2020,Pro,15018,32656,172885,113710,158028,195770,329393,212958,71048,85274,162322,71047,698023,922086,-17638,-171365,-17188,-171815,59175,-91274,14227,-46326
20-01-2020,TOTAL,274914,274914,1968402,1968402,1208456,1095904,1208456,1095904,452176,256559,452176,256559,5256411,5256411,0,0,0,0,0,0,0,0
20-01-2021,Client,146824,143291,738233,228369,1015637,1194154,972365,1271111,651157,219793,412441,286628,3965798,3314205,3533,43272,-76957,123762,509864,238716,-66835,815415
20-01-2021,DII,3329,49730,16920,780489,549,30983,0,0,267,44,1807,0,52092,832026,-46401,549,30983,-76835,-763569,-1540,44,-765153
20-01-2021,FII,79168,45303,688777,525369,228357,301465,170070,192182,41686,37013,74809,33466,1376466,1041199,33865,58287,109283,-17131,163408,-33123,3547,126738
20-01-2021,Pro,32835,23832,189381,99084,270830,325216,372938,388525,136842,188933,340895,125689,1144037,1350963,9003,-102108,-63309,-29796,90297,-204053,63244,-177000
20-01-2021,TOTAL,262156,262156,1633311,1633311,1515373,1851818,1515373,1851818,829952,445783,829952,445783,6538393,6538393,0,0,0,0,0,0,0,0
20-02-2020,Client,179456,86913,823878,243968,432797,433882,470598,665887,380590,149952,265118,178325,2400555,1910809,92543,-37801,-232005,286747,579910,115472,-28373,723755
20-02-2020,DII,26176,21786,40191,1083539,4317,70550,0,0,3112,0,3056,0,144346,1108381,4390,4317,70550,-61843,-1043348,56,0,-1043292
20-02-2020,FII,30081,125954,975623,592648,156628,308322,79584,104249,21482,22621,23229,16620,1514757,942284,-95873,77044,204073,-222902,382975,-1747,6001,375227
20-02-2020,Pro,18588,19648,225292,144829,107199,112137,150759,154755,71616,93613,185397,71241,628445,726629,-1060,-43560,-42618,-2002,80463,-113781,22372,-55690
20-02-2020,TOTAL,254301,254301,2064984,2064984,700941,924891,700941,924891,476800,266186,476800,266186,4688103,4688103,0,0,0,0,0,0,0,0
20-03-2020,Client,148226,118620,438035,168672,506931,358196,497788,518620,231450,86716,188997,93470,1769554,1586167,29606,9143,-160424,199173,269363,42453,-6754,318570
20-03-2020,DII,60740,3105,83090,955023,19064,66251,0,0,0,0,3094,0,229145,961222,57635,19064,66251,10448,-871933,-3094,0,-875027
20-03-2020,FII,118564,170599,1018818,473515,210691,356833,179237,196797,27299,16361,19835,16585,1748566,1056568,-52035,31454,160036,-180617,545303,7464,-224,552991
20-03-2020,Pro,16841,52047,155802,98535,144763,130755,204424,196618,85580,83815,132403,76837,617556,760864,-35206,-59661,-65863,-29004,57267,-46823,6978,3466
20-03-2020,TOTAL,344371,344371,1695745,1695745,881449,912035,881449,912035,344329,186892,344329,186892,4364821,4364821,0,0,0,0,0,0,0,0
20-04-2020,Client,87321,121471,335642,191965,442838,501417,415628,588082,173742,123096,142756,93277,1664056,1553179,-34150,27210,-86665,79725,143677,30986,29819,144844
20-04-2020,DII,40876,5285,67491,768257,4530,62593,0,0,0,0,2193,0,175490,775735,35591,4530,62593,-22472,-700766,-2193,0,-702959
20-04-2020,FII,71053,67150,1005948,451119,126939,177342,98595,107992,9730,12339,13393,9826,1403351,748075,3903,28344,69350,-37103,554829,-3663,2513,548653
20-04-2020,Pro,19872,25216,105733,103473,112482,124487,172566,169765,67468,42923,92598,75255,472965,638873,-5344,-60084,-45278,-20150,2260,-25130,-32332,9462
20-04-2020,TOTAL,219122,219122,1514814,1514814,686789,865839,686789,865839,250940,178358,250940,178358,3715862,3715862,0,0,0,0,0,0,0,0
20-04-2021,Client,143069,123689,859574,224324,1179520,976597,1111592,1135929,646791,217191,399547,269695,4022742,3264776,19380,67928,-159332,246640,635250,247244,-52504,934998
20-04-2021,DII,630,45913,27918,889554,267,23142,0,0,159,0,33256,0,52116,968723,-45283,267,23142,-68158,-861636,-33097,0,-894733
20-04-2021,FII,78936,47704,616496,503918,247360,382533,184826,232804,52730,45976,74071,46914,1424031,1090237,31232,62534,149729,-55963,112578,-21341,-938,92175
20-04-2021,Pro,17071,22400,182710,68902,335935,329275,466664,342814,121369,175773,314175,122331,1162133,1337286,-5329,-130729,-13539,-122519,113808,-192806,53442,-132440
20-04-2021,TOTAL,239706,239706,1686698,1686698,1763082,1711547,1763082,1711547,821049,438940,821049,438940,6661022,6661022,0,0,0,0,0,0,0,0
20-05-2020,Client,98867,120578,462965,168655,713608,609862,605955,686712,337391,129399,223655,139084,2352092,1944639,-21711,107653,-76850,162792,294310,113736,-9685,417731
20-05-2020,DII,26441,11893,40730,886630,4584,68128,0,0,0,0,1900,0,139883,900423,14548,4584,68128,-48996,-845900,-1900,0,-847800
20-05-2020,FII,47933,49754,1028345,559809,146782,188752,120488,119096,13032,17666,21766,13261,1442510,884174,-1821,26294,69656,-45183,468536,-8734,4405,455397
20-05-2020,Pro,29691,20707,169349,86295,150153,148171,288684,209105,69744,84074,172846,78794,651182,856431,8984,-138531,-60934,-68613,83054,-103102,5280,-25328
20-05-2020,TOTAL,202932,202932,1701389,1701389,1015127,1014913,1015127,1014913,420167,231139,420167,231139,4585667,4585667,0,0,0,0,0,0,0,0
20-05-2021,Client,137595,105918,1030969,233619,651164,653668,703630,859410,854651,259916,519527,339191,3587963,2761295,31677,-52466,-205742,184953,797350,335124,-79275,1211749
20-05-2021,DII,3174,37460,43012,1090883,267,26569,0,0,0,0,55734,0,73022,1184077,-34286,267,26569,-60588,-1047871,-55734,0,-1103605
20-05-2021,FII,69743,56880,793398,655055,256086,356690,142026,172040,66149,60417,94501,57520,1602483,1178022,12863,114060,184650,-57727,138343,-28352,2897,107094
20-05-2021,Pro,18624,28878,238372,126194,180619,216294,242480,221771,176984,235476,428022,159098,1066369,1206443,-10254,-61861,-5477,-66638,112178,-251038,76378,-215238
20-05-2021,TOTAL,229136,229136,2105751,2105751,1088136,1253221,1088136,1253221,1097784,555809,1097784,555809,6329837,6329837,0,0,0,0,0,0,0,0
20-07-2020,Client,135545,124872,498324,241229,593124,920731,607993,929473,439357,204491,290345,205198,2791572,2399110,10673,-14869,-8742,4546,257095,149012,-707,406814
20-07-2020,DII,15997,26434,31068,792152,267,46903,0,0,98,0,8680,0,94333,827266,-10437,267,46903,-57073,-761084,-8582,0,-769666
20-07-2020,FII,61749,56220,881158,427575,205511,255723,148924,172150,25046,23449,43271,21679,1452636,869819,5529,56587,83573,-21457,453583,-18225,1770,433588
20-07-2020,Pro,26786,32551,151398,100992,231548,258129,273533,379863,115248,122362,237453,123425,905471,1147817,-5765,-41985,-121734,73984,50406,-122205,-1063,-70736
20-07-2020,TOTAL,240077,240077,1561948,1561948,1030450,1481486,1030450,1481486,579749,350302,579749,350302,5244012,5244012,0,0,0,0,0,0,0,0
20-07-2021,Client,185622,181489,1195903,198218,2122029,1191736,1988782,1559730,1088467,280576,651226,451128,6064333,5030573,4133,133247,-367994,505374,997685,437241,-170552,1605478
20-07-2021,DII,2628,51470,33530,1214050,401,26970,0,0,0,0,82848,0,63529,1348368,-48842,401,26970,-75411,-1180520,-82848,0,-1263368
20-07-2021,FII,73835,68941,697382,710733,388450,465416,320879,209864,60279,71094,116468,58833,1756455,1485718,4894,67571,255552,-183087,-13351,-56189,12261,-81801
20-07-2021,Pro,61254,21439,294898,98712,473460,467827,674678,382354,173326,294262,471530,135971,1765026,1784684,39815,-201218,85473,-246876,196186,-298204,158291,-260309
20-07-2021,TOTAL,323339,323339,2221713,2221713,2984338,2151948,2984338,2151948,1322072,645932,1322072,645932,9649342,9649342,0,0,0,0,0,0,0,0
20-08-2020,Client,106478,102163,572245,174819,469022,581686,479186,699240,517666,203453,331532,229678,2450550,2016618,4315,-10164,-117554,111705,397426,186134,-26225,609785
20-08-2020,DII,10399,37517,22992,743907,1577,40023,0,0,0,0,7425,0,74991,788849,-27118,1577,40023,-65564,-720915,-7425,0,-728340
20-08-2020,FII,68514,57857,766391,523202,140359,227915,78135,125369,22757,25672,33731,17709,1251608,836003,10657,62224,102546,-29665,243189,-10974,7963,224252
20-08-2020,Pro,32176,20030,182120,101820,143659,170437,197296,195452,104876,138081,272611,119819,771349,907028,12146,-53637,-25015,-16476,80300,-167735,18262,-105697
20-08-2020,TOTAL,217567,217567,1543748,1543748,754617,1020061,754617,1020061,645299,367206,645299,367206,4548498,4548498,0,0,0,0,0,0,0,0
20-10-2020,Client,107398,122763,635665,150907,814853,1058266,794506,1170570,524830,182384,341862,216027,3323396,2796635,-15365,20347,-112304,117286,484758,182968,-33643,701369
20-10-2020,DII,1940,40121,32568,740175,267,39991,0,0,0,0,684,0,74766,780980,-38181,267,39991,-77905,-707607,-684,0,-708291
20-10-2020,FII,95936,52503,629909,492786,227167,358603,156544,222418,27561,24339,36181,20227,1363515,980659,43433,70623,136185,-22129,137123,-8620,4112,124391
20-10-2020,Pro,35330,25217,169906,84180,239716,286024,330953,349896,99711,133601,273375,104070,964288,1167691,10113,-91237,-63872,-17252,85726,-173664,29531,-117469
20-10-2020,TOTAL,240604,240604,1468048,1468048,1282003,1742884,1282003,1742884,652102,340324,652102,340324,5725965,5725965,0,0,0,0,0,0,0,0
20-11-2020,Client,101651,140854,645855,178984,641134,934289,650624,1004515,491236,254720,344137,223756,3068885,2542870,-39203,-9490,-70226,21533,466871,147099,30964,583006
20-11-2020,DII,2210,39253,33870,758876,267,27036,0,0,0,0,4460,0,63383,802589,-37043,267,27036,-63812,-725006,-4460,0,-729466
20-11-2020,FII,117849,50657,770998,549233,221293,312433,143209,236231,24714,25134,31543,20190,1472421,1031063,67192,78084,76202,69074,221765,-6829,4944,209992
20-11-2020,Pro,34746,25692,169382,133012,200439,245790,269300,278802,140434,130759,276244,166667,921550,1149717,9054,-68861,-33012,-26795,36370,-135810,-35908,-63532
20-11-2020,TOTAL,256456,256456,1620105,1620105,1063133,1519548,1063133,1519548,656384,410613,656384,410613,5526239,5526239,0,0,0,0,0,0,0,0
21-01-2020,Client,121107,112021,764409,214244,922227,551269,792969,817063,373242,143527,264970,173165,2875781,2374432,9086,129258,-265794,404138,550165,108272,-29638,688075
21-01-2020,DII,44838,34119,25884,1100589,4317,70196,0,0,0,0,885,0,145235,1135593,10719,4317,70196,-55160,-1074705,-885,0,-1075590
21-01-2020,FII,98137,97283,1008352,548015,198125,350764,133042,125102,18275,28952,30378,15641,1702605,949461,854,65083,225662,-159725,460337,-12103,13311,434923
21-01-2020,Pro,12264,32923,180268,116065,162682,186461,361340,216525,71979,87114,167263,70787,700768,964903,-20659,-198658,-30064,-189253,64203,-95284,16327,-47408
21-01-2020,TOTAL,276346,276346,1978913,1978913,1287351,1158690,1287351,1158690,463496,259593,463496,259593,5424389,5424389,0,0,0,0,0,0,0,0
21-01-2021,Client,127246,144386,725619,210115,552142,686704,534684,799445,628625,211493,399148,279602,2931829,2367380,-17140,17458,-112741,113059,515504,229477,-68109,813090
21-01-2021,DII,3327,49375,16962,776907,549,34395,0,0,267,44,1888,0,55544,828170,-46048,549,34395,-79894,-759945,-1621,44,-761610
21-01-2021,FII,90123,45089,691082,530564,159501,243944,93921,163559,42395,37249,75854,32536,1264294,941523,45034,65580,80385,30229,160518,-33459,4713,122346
21-01-2021,Pro,44508,26354,189451,105528,149665,220345,233252,222384,138295,189317,332692,125965,931581,1046175,18154,-83587,-2039,-63394,83923,-194397,63352,-173826
21-01-2021,TOTAL,265204,265204,1623114,1623114,861857,1185388,861857,1185388,809582,438103,809582,438103,5183248,5183248,0,0,0,0,0,0,0,0
21-04-2020,Client,96373,119882,339781,192534,550365,465773,481830,562035,196251,114347,150596,94772,1762890,1601649,-23509,68535,-96262,141288,147247,45655,19575,173327
21-04-2020,DII,40948,4758,71677,767033,4584,63093,0,0,0,0,2193,0,180302,773984,36190,4584,63093,-22319,-695356,-2193,0,-697549
21-04-2020,FII,71249,85068,999892,462337,132751,180777,105726,112860,9588,13012,14457,9323,1407269,789771,-13819,27025,67917,-54711,537555,-4869,3689,528997
21-04-2020,Pro,23399,22261,116655,106101,116727,131966,216871,166714,65129,49208,103722,72472,503084,688141,1138,-100144,-34748,-64258,10554,-38593,-23264,-4775
21-04-2020,TOTAL,231969,231969,1528005,1528005,804427,841609,804427,841609,270968,176567,270968,176567,3853545,3853545,0,0,0,0,0,0,0,0
21-05-2020,Client,105107,114320,457887,185117,430547,402226,385905,512571,339331,131971,221666,140135,1867069,1559714,-9213,44642,-110345,145774,272770,117665,-8164,398599
21-05-2020,DII,26441,12681,43038,879608,4584,67204,0,0,0,0,1900,0,141267,894189,13760,4584,67204,-48860,-836570,-1900,0,-838470
21-05-2020,FII,49685,60613,1048786,565993,119332,173675,101938,107716,12327,16882,21775,12781,1420687,870816,-10928,17394,65959,-59493,482793,-9448,4101,469244
21-05-2020,Pro,27976,21595,178435,97428,105328,100841,171948,123659,72524,85662,178841,81599,570766,675070,6381,-66620,-22818,-37421,81007,-106317,4063,-29373
21-05-2020,TOTAL,209209,209209,1728146,1728146,659791,743946,659791,743946,424182,234515,424182,234515,3999789,3999789,0,0,0,0,0,0,0,0
21-05-2021,Client,138613,120834,1044777,209827,733918,1015926,837416,1151555,764204,273373,492608,335447,3970811,3147687,17779,-103498,-135629,49910,834950,271596,-62074,1168620
21-05-2021,DII,3172,41460,43012,1090449,267,27069,0,0,0,0,56810,0,73520,1188719,-38288,267,27069,-65090,-1047437,-56810,0,-1104247
21-05-2021,FII,74694,48141,799092,677329,323382,371955,195685,210244,66488,60650,89258,57133,1696261,1277790,26553,127697,161711,-7461,121763,-22770,3517,95476
21-05-2021,Pro,26464,32508,232670,141946,274912,278979,299378,332130,193034,224680,385050,166123,1230739,1357135,-6044,-24466,-53151,22641,90724,-192016,58557,-159849
21-05-2021,TOTAL,242943,242943,2119551,2119551,1332479,1693929,1332479,1693929,1023726,558703,1023726,558703,6971331,6971331,0,0,0,0,0,0,0,0
21-06-2021,Client,140841,138105,1080737,173990,1092404,1178483,1171800,1381621,972967,257047,588910,396340,4722479,3850766,2736,-79396,-203138,126478,906747,384057,-139293,1430097
21-06-2021,DII,2040,35854,30656,1089673,267,47766,0,0,0,0,81281,0,80729,1206808,-33814,267,47766,-81313,-1059017,-81281,0,-1140298
21-06-2021,FII,78689,41591,728186,715547,252118,356970,135975,175821,57418,80997,114969,49191,1554378,1233094,37098,116143,181149,-27908,12639,-57551,31806,-76718
21-06-2021,Pro,20164,26184,249635,110004,333684,394766,370698,420543,194455,252558,439680,145071,1445262,1512180,-6020,-37014,-25777,-17257,139631,-245225,107487,-213081
21-06-2021,TOTAL,241734,241734,2089214,2089214,1678473,1977985,1678473,1977985,1224840,590602,1224840,590602,7802848,7802848,0,0,0,0,0,0,0,0
21-07-2020,Client,131715,127634,499386,231340,611576,1081188,637573,1038913,435365,215963,295436,208116,2975193,2539012,4081,-25997,42275,-64191,268046,139929,7847,400128
21-07-2020,DII,16089,29776,32349,793121,267,46503,0,0,49,0,8680,0,95257,831577,-13687,267,46503,-59923,-760772,-8631,0,-769403
21-07-2020,FII,72452,56945,882503,434200,216860,271312,143425,194590,25322,23107,42671,21873,1491556,893704,15507,73435,76722,12220,448303,-17349,1234,429720
21-07-2020,Pro,26550,32451,152864,108441,247332,277325,295037,442825,121137,117825,235086,126906,943033,1240746,-5901,-47705,-165500,111894,44423,-113949,-9081,-60445
21-07-2020,TOTAL,246806,246806,1567102,1567102,1076035,1676328,1076035,1676328,581873,356895,581873,356895,5505039,5505039,0,0,0,0,0,0,0,0
21-08-2020,Client,97747,106896,568193,172366,550442,721804,577087,824047,488150,206439,317669,225292,2632775,2223357,-9149,-26645,-102243,66449,395827,170481,-18853,585161
21-08-2020,DII,9782,37517,25106,742681,1577,45756,0,0,0,0,7425,0,82221,787623,-27735,1577,45756,-71914,-717575,-7425,0,-725000
21-08-2020,FII,78123,51586,768592,519174,172261,246615,95250,149027,21513,24921,32452,17433,1312025,864922,26537,77011,97588,5960,249418,-10939,7488,230991
21-08-2020,Pro,33166,22819,180907,108577,170361,199789,222304,240890,108556,133002,260673,121637,825781,976900,10347,-51943,-41101,-495,72330,-152117,11365,-91152
21-08-2020,TOTAL,218818,218818,1542798,1542798,894641,1213964,894641,1213964,618219,364362,618219,364362,4852802,4852802,0,0,0,0,0,0,0,0
21-09-2020,Client,111519,122743,608317,144969,995120,657465,869532,865462,575630,136408,338068,216183,3084459,2556957,-11224,125588,-207997,322361,463348,237562,-79775,780685
21-09-2020,DII,3788,28798,35080,728733,267,34441,0,0,48,0,2464,0,73624,759995,-25010,267,34441,-59184,-693653,-2416,0,-696069
21-09-2020,FII,80400,63934,663895,543639,197087,337937,137853,167084,23819,24009,32226,14734,1327147,959470,16466,59234,170853,-95153,120256,-8407,9275,102574
21-09-2020,Pro,39737,19969,192128,82079,210036,220021,395125,217318,90048,156943,316787,86443,908913,1117721,19768,-185089,2703,-168024,110049,-226739,70500,-187190
21-09-2020,TOTAL,235444,235444,1499420,1499420,1402510,1249864,1402510,1249864,689545,317360,689545,317360,5394143,5394143,0,0,0,0,0,0,0,0
21-10-2020,Client,108180,126157,629956,147478,871970,1126808,829353,1195920,515967,178575,337751,212965,3431456,2849624,-17977,42617,-69112,93752,482478,178216,-34390,695084
21-10-2020,DII,1940,40233,33596,740065,267,40025,0,0,0,0,875,0,75828,781173,-38293,267,40025,-78051,-706469,-875,0,-707344
21-10-2020,FII,96942,51180,630864,490268,224329,366214,136893,238060,25790,24395,34641,20226,1368534,971268,45762,87436,128154,5044,140596,-8851,4169,127576
21-10-2020,Pro,36705,26197,171042,87647,231042,284186,361362,383253,100203,135146,268693,104925,958324,1232077,10508,-130320,-99067,-20745,83395,-168490,30221,-115316
21-10-2020,TOTAL,243767,243767,1465458,1465458,1327608,1817233,1327608,1817233,641960,338116,641960,338116,5834142,5834142,0,0,0,0,0,0,0,0
21-12-2020,Client,111482,140945,627073,176119,1080856,839197,950735,1009658,573626,187105,360982,244991,3419339,2883430,-29463,130121,-170461,271119,450954,212644,-57886,721484
21-12-2020,DII,2275,43833,27892,723844,267,53488,0,0,540,0,3169,0,84462,770846,-41558,267,53488,-94779,-695952,-2629,0,-698581
21-12-2020,FII,104232,50658,724836,568289,264194,317400,203344,224431,20826,28771,31804,25284,1460259,1103810,53574,60850,92969,21455,156547,-10978,3487,142082
21-12-2020,Pro,43805,26358,182001,93550,299797,298491,491035,274487,119506,179148,318543,124749,1122748,1328722,17447,-191238,24004,-197795,88451,-199037,54399,-164985
21-12-2020,TOTAL,261794,261794,1561802,1561802,1645114,1508576,1645114,1508576,714498,395024,714498,395024,6086808,6086808,0,0,0,0,0,0,0,0
22-01-2020,Client,126865,114745,785820,206956,1033894,523857,839477,812949,382612,145168,270923,175809,2998216,2420859,12120,194417,-289092,495629,578864,111689,-30641,721194
22-01-2020,DII,41176,26901,26594,1106014,4317,72250,0,0,0,0,885,0,144337,1133800,14275,4317,72250,-53658,-1079420,-885,0,-1080305
22-01-2020,FII,102438,110551,1004676,574201,194171,369701,149339,123649,18803,29515,29843,15821,1719304,1003404,-8113,44832,246052,-209333,430475,-11040,13694,405741
22-01-2020,Pro,15776,34058,192065,121984,170388,181288,413954,210498,73932,91192,173696,74245,724641,1028435,-18282,-243566,-29210,-232638,70081,-99764,16947,-46630
22-01-2020,TOTAL,286255,286255,2009155,2009155,1402770,1147096,1402770,1147096,475347,265875,475347,265875,5586498,5586498,0,0,0,0,0,0,0,0
22-01-2021,Client,129906,137701,724673,203992,1066219,777093,923820,941701,657536,201339,408940,275011,3556766,2891165,-7795,142399,-164608,299212,520681,248596,-73672,842949
22-01-2021,DII,3302,42949,17366,777749,267,25044,0,0,267,44,2547,0,46290,823245,-39647,267,25044,-64424,-760383,-2280,44,-762707
22-01-2021,FII,84261,57369,687322,535085,167463,277896,140452,175216,42841,38306,79073,32361,1298089,1019556,26892,27011,102680,-48777,152237,-36232,5945,110060
22-01-2021,Pro,44873,24323,196234,108769,271414,300365,441091,263481,136712,186823,346796,119140,1136421,1303600,20550,-169677,36884,-186011,87465,-210084,67683,-190302
22-01-2021,TOTAL,262342,262342,1625595,1625595,1505363,1380398,1505363,1380398,837356,426512,837356,426512,6037566,6037566,0,0,0,0,0,0,0,0
22-02-2021,Client,127052,117813,758833,193556,1125281,793586,1035997,927746,655650,206322,420241,267262,3666724,2962615,9239,89284,-134160,232683,565277,235409,-60940,861626
22-02-2021,DII,887,46035,21766,814209,267,12914,0,0,0,216,7256,0,36050,867500,-45148,267,12914,-57795,-792443,-7256,216,-799915
22-02-2021,FII,84155,46829,696595,556047,259876,382119,168619,229090,43928,44930,72334,38118,1511603,1111037,37326,91257,153029,-24446,140548,-28406,6812,105330
22-02-2021,Pro,28193,29610,209275,122657,278236,259619,459044,291402,145510,184403,345257,130491,1105236,1378461,-1417,-180808,-31783,-150442,86618,-199747,53912,-167041
22-02-2021,TOTAL,240287,240287,1686469,1686469,1663660,1448238,1663660,1448238,845088,435871,845088,435871,6319613,6319613,0,0,0,0,0,0,0,0
22-03-2021,Client,203150,170772,752560,156796,1044801,884304,1029217,1026173,607783,177615,378924,246194,3670213,3008076,32378,15584,-141869,189831,595764,228859,-68579,893202
22-03-2021,DII,674,39214,30414,837745,267,13178,0,0,0,0,13467,0,44533,890426,-38540,267,13178,-51451,-807331,-13467,0,-820798
22-03-2021,FII,82180,49345,626522,513813,260861,386292,195226,200402,38060,36695,54793,33073,1430610,1046652,32835,65635,185890,-87420,112709,-16733,3622,92354
22-03-2021,Pro,25354,52027,189722,90864,323197,275257,404683,332456,112607,165157,311266,100200,1091294,1291496,-26673,-81486,-57199,-50960,98858,-198659,64957,-164758
22-03-2021,TOTAL,311358,311358,1599218,1599218,1629126,1559031,1629126,1559031,758450,379467,758450,379467,6236650,6236650,0,0,0,0,0,0,0,0
22-04-2020,Client,98381,123038,349126,199353,522161,563781,477584,622381,199745,127664,156428,101365,1860858,1680149,-24657,44577,-58600,78520,149773,43317,26299,166791
22-04-2020,DII,39625,4171,72003,771195,4584,63168,0,0,0,0,2193,0,179380,777559,35454,4584,63168,-23130,-699192,-2193,0,-701385
22-04-2020,FII,74055,81601,1012392,465778,136683,177799,103771,120759,9317,14116,14822,10501,1424362,797232,-7546,32912,57040,-31674,546614,-5505,3615,537494
22-04-2020,Pro,21231,24482,124792,121987,128220,127866,210293,189474,69855,49983,105474,79897,521947,731607,-3251,-82073,-61608,-23716,2805,-35619,-29914,-2900
22-04-2020,TOTAL,233292,233292,1558313,1558313,791648,932614,791648,932614,278917,191763,278917,191763,3986547,3986547,0,0,0,0,0,0,0,0
22-04-2021,Client,154429,122490,866025,236849,562082,695672,643755,814337,634840,233536,400927,272281,3146584,2490639,31939,-81673,-118665,68931,629176,233913,-38745,901834
22-04-2021,DII,1630,46054,29258,889556,267,25041,0,0,159,0,33456,0,56355,969066,-44424,267,25041,-69198,-860298,-33297,0,-893595
22-04-2021,FII,72806,37093,631389,507205,199836,309520,104667,173044,54421,46894,74353,47740,1314866,944102,35713,95169,136476,-5594,124184,-19932,-846,105098
22-04-2021,Pro,14187,37415,181306,74368,211405,203930,225168,246782,126784,169819,307468,130228,907431,1021429,-23228,-13763,-42852,5861,106938,-180684,39591,-113337
22-04-2021,TOTAL,243052,243052,1707978,1707978,973590,1234163,973590,1234163,816204,450249,816204,450249,5425236,5425236,0,0,0,0,0,0,0,0
22-05-2020,Client,123171,118749,474682,204841,560439,448073,503677,584035,353043,123781,224008,141892,2083189,1777202,4422,56762,-135962,197146,269841,129035,-18111,416987
22-05-2020,DII,26652,12731,49695,887809,4584,67003,0,0,0,0,1900,0,147934,902440,13921,4584,67003,-48498,-838114,-1900,0,-840014
22-05-2020,FII,52799,81181,1058656,586238,142801,210152,121590,121343,11422,17233,20485,11837,1493063,942674,-28382,21211,88809,-95980,472418,-9063,5396,457959
22-05-2020,Pro,33294,23255,204092,108237,142495,128570,225052,148420,74045,91324,192117,78609,673820,775690,10039,-82557,-19850,-52668,95855,-118072,12715,-34932
22-05-2020,TOTAL,235916,235916,1787125,1787125,850319,853798,850319,853798,438510,232338,438510,232338,4398006,4398006,0,0,0,0,0,0,0,0
22-06-2020,Client,124620,132103,461434,217661,578726,867277,567071,898336,323123,224056,246749,180866,2579236,2242786,-7483,11655,-31059,35231,243773,76374,43190,276957
22-06-2020,DII,21158,20495,61366,893601,4584,79339,0,0,132,130,5182,0,166709,919278,663,4584,79339,-74092,-832235,-5050,130,-837415
22-06-2020,FII,74527,56892,1061774,491247,225966,254358,179934,195258,22112,24709,25603,24545,1663446,973479,17635,46032,59100,4567,570527,-3491,164,566872
22-06-2020,Pro,29845,40660,166870,148935,184692,206163,246963,313543,118307,101037,186140,144521,806914,1080762,-10815,-62271,-107380,34294,17935,-67833,-43484,-6414
22-06-2020,TOTAL,250150,250150,1751444,1751444,993968,1407137,993968,1407137,463674,349932,463674,349932,5216305,5216305,0,0,0,0,0,0,0,0
22-06-2021,Client,144652,148547,1086289,168592,1372496,1140929,1381772,1384401,898864,256654,556698,386802,4899884,4026812,-3895,-9276,-243472,230301,917697,342166,-130148,1390011
22-06-2021,DII,2036,45836,30896,1086411,267,47766,0,0,0,0,81294,0,80965,1213541,-43800,267,47766,-91299,-1055515,-81294,0,-1136809
22-06-2021,FII,83873,35142,728405,720955,337624,398506,192333,180013,55150,73470,104655,47964,1677028,1281062,48731,145291,218493,-24471,7450,-49505,25506,-67561
22-06-2021,Pro,23582,24618,244196,113828,358185,376152,494467,398939,196417,249353,407784,144711,1447885,1584347,-1036,-136282,-22787,-114531,130368,-211367,104642,-185641
22-06-2021,TOTAL,254143,254143,2089786,2089786,2068572,1963353,2068572,1963353,1150431,579477,1150431,579477,8105762,8105762,0,0,0,0,0,0,0,0
22-07-2020,Client,140065,130833,498292,242924,697978,1130453,692768,1096413,453680,215180,303024,210456,3135648,2676418,9232,5210,34040,-19598,255368,150656,4724,401300
22-07-2020,DII,10618,29897,31489,784281,267,47051,0,0,49,0,8680,0,89474,822858,-19279,267,47051,-66063,-752792,-8631,0,-761423
22-07-2020,FII,76103,56937,881401,436912,223000,289223,151661,202945,22531,22133,38679,20238,1514391,907372,19166,71339,86278,4227,444489,-16148,1895,426446
22-07-2020,Pro,23726,32845,157624,104689,248807,272476,325623,439845,119889,120726,245766,127345,943248,1276113,-9119,-76816,-167369,81434,52935,-125877,-6619,-66323
22-07-2020,TOTAL,250512,250512,1568806,1568806,1170052,1739203,1170052,1739203,596149,358039,596149,358039,5682761,5682761,0,0,0,0,0,0,0,0
22-07-2021,Client,172158,165680,1196674,199544,1129857,962488,1133525,1210757,1056046,302196,648584,447467,4819419,3805557,6478,-3668,-248269,251079,997130,407462,-145271,1549863
22-07-2021,DII,2640,51427,36160,1222612,401,30470,0,0,0,0,84070,0,69671,1358109,-48787,401,30470,-78856,-1186452,-84070,0,-1270522
22-07-2021,FII,77360,57881,712079,706404,237863,358257,151726,156609,63470,68578,112955,58528,1517606,1244103,19479,86137,201648,-96032,5675,-49485,10050,-53860
22-07-2021,Pro,45234,22404,289768,106121,256194,290214,339064,274062,182305,283076,456212,147855,1346791,1345718,22830,-82870,16152,-76192,183647,-273907,135221,-225481
22-07-2021,TOTAL,297392,297392,2234681,2234681,1624314,1641428,1624314,1641428,1301821,653850,1301821,653850,7753486,7753486,0,0,0,0,0,0,0,0
22-09-2020,Client,108430,111905,610126,138600,1078314,707693,922867,907935,543436,130981,321488,206430,3178980,2609225,-3475,155447,-200242,352214,471526,221948,-75449,768923
22-09-2020,DII,3763,25448,36626,742172,267,31509,0,0,48,0,2064,0,72213,769684,-21685,267,31509,-52927,-705546,-2016,0,-707562
22-09-2020,FII,81710,72887,661419,528885,209875,359909,155012,175239,21594,21463,27380,13929,1355970,973332,8823,54863,184670,-120984,132534,-5786,7534,119214
22-09-2020,Pro,39377,23040,189749,88263,226805,234808,437382,250745,89785,151513,303931,83598,932037,1186959,16337,-210577,-15937,-178303,101486,-214146,67915,-180575
22-09-2020,TOTAL,233280,233280,1497920,1497920,1515261,1333919,1515261,1333919,654863,303957,654863,303957,5539200,5539200,0,0,0,0,0,0,0,0
22-10-2020,Client,108371,122920,635940,148874,497219,640518,510463,793894,527126,185304,344997,215112,2594478,2136260,-14549,-13244,-153376,125583,487066,182129,-29808,699003
22-10-2020,DII,1940,37872,35242,743878,267,40025,0,0,0,0,875,0,77474,782625,-35932,267,40025,-75690,-708636,-875,0,-709511
22-10-2020,FII,94917,53157,633035,490957,179051,303257,101564,175304,26625,24030,34765,19545,1260915,875292,41760,77487,127953,-8706,142078,-8140,4485,129453
22-10-2020,Pro,35762,27041,173421,93929,152799,182008,217309,196610,100834,133242,273948,107919,778066,916756,8721,-64510,-14602,-41187,79492,-173114,25323,-118945
22-10-2020,TOTAL,240990,240990,1477638,1477638,829336,1165808,829336,1165808,654585,342576,654585,342576,4710933,4710933,0,0,0,0,0,0,0,0
22-12-2020,Client,100178,134399,631531,170383,1047206,1022368,954853,1115179,566456,199647,362271,239399,3567386,2976484,-34221,92353,-92811,150943,461148,204185,-39752,705085
22-12-2020,DII,2135,39694,27246,734688,267,53488,0,0,540,0,3169,0,83676,777551,-37559,267,53488,-90780,-707442,-2629,0,-710071
22-12-2020,FII,111623,49912,723561,552069,253840,323108,182219,225830,20528,27607,29895,26442,1460267,1066367,61711,71621,97278,36054,171492,-9367,1165,160960
22-12-2020,Pro,34812,24743,174008,99206,269050,297484,433291,355439,116528,166066,308717,127479,1057948,1348875,10069,-164241,-57955,-96217,74802,-192189,38587,-155974
22-12-2020,TOTAL,248748,248748,1556346,1556346,1570363,1696448,1570363,1696448,704052,393320,704052,393320,6169277,6169277,0,0,0,0,0,0,0,0
23-01-2020,Client,121981,104535,794106,205719,482294,396307,491933,656243,368559,149938,267081,178360,2313185,1903871,17446,-9639,-259936,267743,588387,101478,-28422,718287
23-01-2020,DII,41203,25419,26732,1108642,4317,78750,0,0,0,0,869,0,151002,1134930,15784,4317,78750,-58649,-1081910,-869,0,-1082779
23-01-2020,FII,100927,115465,1008809,575247,177162,331638,104306,111580,19143,30501,28587,15564,1668180,950749,-14538,72856,220058,-161740,433562,-9444,14937,409181
23-01-2020,Pro,12694,31386,190404,130443,120216,128211,187750,167083,75439,88393,166604,74908,615357,758174,-18692,-67534,-38872,-47354,59961,-91165,13485,-44689
23-01-2020,TOTAL,276805,276805,2020051,2020051,783989,934906,783989,934906,463141,268832,463141,268832,4747724,4747724,0,0,0,0,0,0,0,0
23-02-2021,Client,130732,115347,759804,189124,1164903,904192,1092205,1034106,613051,209478,405121,265232,3782160,3101135,15385,72698,-129914,217997,570680,207930,-55754,834364
23-02-2021,DII,835,46023,22051,820780,267,13015,0,0,0,216,7251,0,36384,874054,-45188,267,13015,-57936,-798729,-7251,216,-806196
23-02-2021,FII,84354,48536,701992,558187,292389,403039,186220,244207,43082,45825,63030,39698,1570681,1139878,35818,106169,158832,-16845,143805,-19948,6127,117730
23-02-2021,Pro,26116,32131,202760,118516,293051,277325,472185,319258,145097,182696,325828,133285,1127045,1401203,-6015,-179134,-41933,-143216,84244,-180731,49411,-145898
23-02-2021,TOTAL,242037,242037,1686607,1686607,1750610,1597571,1750610,1597571,801230,438215,801230,438215,6516270,6516270,0,0,0,0,0,0,0,0
23-03-2020,Client,118826,110406,380244,127585,561886,246151,511205,436709,211973,61614,170430,78282,1580694,1434617,8420,50681,-190558,249659,252659,41543,-16668,310870
23-03-2020,DII,61660,3105,81909,931225,19064,65051,0,0,0,0,3097,0,227684,937427,58555,19064,65051,12568,-849316,-3097,0,-852413
23-03-2020,FII,104841,145319,1008970,474314,207133,350542,188400,181789,26427,16036,19637,15294,1713949,1024753,-40478,18733,168753,-190498,534656,6790,742,540704
23-03-2020,Pro,15915,42412,129411,67410,132197,114351,220675,157597,75656,78362,120892,62436,545892,671422,-26497,-88478,-43246,-71729,62001,-45236,15926,839
23-03-2020,TOTAL,301242,301242,1600534,1600534,920280,776095,920280,776095,314056,156012,314056,156012,4068219,4068219,0,0,0,0,0,0,0,0
23-03-2021,Client,199305,162629,749603,147241,961643,1031713,990123,1134253,566488,177630,362454,239448,3686382,3036148,36676,-28480,-102540,110736,602362,204034,-61818,868214
23-03-2021,DII,674,39188,29968,840229,267,13178,0,0,0,0,13464,0,44087,892881,-38514,267,13178,-51425,-810261,-13464,0,-823725
23-03-2021,FII,83255,44651,618290,504555,278462,404694,206871,220225,37606,35685,53264,33149,1457992,1062715,38604,71591,184469,-74274,113735,-15658,2536,95541
23-03-2021,Pro,23188,59954,184230,90066,331373,318241,374751,413348,111748,159468,286660,100186,1128248,1324965,-36766,-43378,-95107,14963,94164,-174912,59282,-140030
23-03-2021,TOTAL,306422,306422,1582091,1582091,1571745,1767826,1571745,1767826,715842,372783,715842,372783,6316709,6316709,0,0,0,0,0,0,0,0
23-04-2020,Client,101821,125984,356169,206562,294171,398994,302047,481128,207051,134815,161670,105507,1493021,1382898,-24163,-7876,-82134,50095,149607,45381,29308,165680
23-04-2020,DII,39286,4237,66891,762514,4584,62970,0,0,0,0,2193,0,173731,768944,35049,4584,62970,-23337,-695623,-2193,0,-697816
23-04-2020,FII,70530,78431,1016091,473707,117319,160748,88112,101881,10371,14690,16595,10710,1389749,769436,-7901,29207,58867,-37561,542384,-6224,3980,532180
23-04-2020,Pro,20954,23939,136240,132608,86377,96470,112292,136173,72807,51632,109771,84920,464480,599703,-2985,-25915,-39703,10803,3632,-36964,-33288,-44
23-04-2020,TOTAL,232591,232591,1575391,1575391,502451,719182,502451,719182,290229,201137,290229,201137,3520981,3520981,0,0,0,0,0,0,0,0
23-04-2021,Client,149717,118258,857529,239591,732817,859255,821545,980444,620595,230663,396874,267665,3450576,2824377,31459,-88728,-121189,63920,617938,223721,-37002,878661
23-04-2021,DII,1630,49201,30026,894424,267,25041,0,0,121,0,33456,0,57085,977081,-47571,267,25041,-72345,-864398,-33335,0,-897733
23-04-2021,FII,75831,42585,644115,503136,241978,318276,134144,192118,53907,47613,73776,47256,1381720,993015,33246,107834,126158,14922,140979,-19869,357,120753
23-04-2021,Pro,16239,33373,181449,75968,276064,287447,295437,317457,127631,165845,298148,129200,1054675,1149583,-17134,-19373,-30010,-6497,105481,-170517,36645,-101681
23-04-2021,TOTAL,243417,243417,1713119,1713119,1251126,1490019,1251126,1490019,802254,444121,802254,444121,5944056,5944056,0,0,0,0,0,0,0,0
23-06-2020,Client,134064,134888,457242,222885,556370,966771,562295,950546,306992,220499,237116,179263,2641938,2286993,-824,-5925,16225,-22974,234357,69876,41236,262997
23-06-2020,DII,19562,20353,63327,874924,4584,79339,0,0,23,0,4951,0,166835,900228,-791,4584,79339,-75546,-811597,-4928,0,-816525
23-06-2020,FII,76547,62026,1020756,451792,229025,255311,175188,208696,20546,22515,23329,20687,1624700,941718,14521,53837,46615,21743,568964,-2783,1828,564353
23-06-2020,Pro,26940,39846,161093,152817,201679,204182,254175,346361,124620,102675,186785,145739,821189,1125723,-12906,-52496,-142179,76777,8276,-62165,-43064,-10825
23-06-2020,TOTAL,257113,257113,1702418,1702418,991658,1505603,991658,1505603,452181,345689,452181,345689,5254662,5254662,0,0,0,0,0,0,0,0
23-06-2021,Client,145251,153739,1091379,161254,1627970,1176525,1579855,1450242,793754,242309,497115,373431,5077188,4215636,-8488,48115,-273717,313344,930125,296639,-131122,1357886
23-06-2021,DII,2048,48849,32002,1102440,267,44520,0,0,0,0,78458,0,78837,1229747,-46801,267,44520,-91054,-1070438,-78458,0,-1148896
23-06-2021,FII,90721,33230,715652,698732,416273,447987,263639,200098,53009,70383,101223,47807,1794025,1344729,57491,152634,247889,-37764,16920,-48214,22576,-53870
23-06-2021,Pro,25651,27853,237553,114160,381128,397580,582144,416272,192625,248741,362592,140195,1483278,1643216,-2202,-201016,-18692,-184526,123393,-169967,108546,-155120
23-06-2021,TOTAL,263671,263671,2076586,2076586,2425638,2066612,2425638,2066612,1039388,561433,1039388,561433,8433328,8433328,0,0,0,0,0,0,0,0
23-07-2020,Client,137048,129852,506639,235770,369662,697292,410975,742816,450998,222423,305324,215068,2384062,2039805,7196,-41313,-45524,11407,270869,145674,7355,409188
23-07-2020,DII,10572,32386,33911,784954,267,47503,0,0,0,0,8680,0,92253,826020,-21814,267,47503,-69050,-751043,-8680,0,-759723
23-07-2020,FII,82570,61138,869316,442121,177237,248387,115450,163876,20610,20090,35204,17417,1418210,835206,21432,61787,84511,-1292,427195,-14594,2673,409928
23-07-2020,Pro,25379,32193,161101,108122,143377,178122,164118,264612,126480,120913,248880,130941,755372,948866,-6814,-20741,-86490,58935,52979,-122400,-10028,-59393
23-07-2020,TOTAL,255569,255569,1570967,1570967,690543,1171304,690543,1171304,598088,363426,598088,363426,4649897,4649897,0,0,0,0,0,0,0,0
23-07-2021,Client,154154,151686,1187853,191919,1315328,1307277,1405830,1552105,1021416,310011,639624,446339,5296039,4387503,2468,-90502,-244828,156794,995934,381792,-136328,1514054
23-07-2021,DII,2579,51427,39248,1219917,401,28070,0,0,0,0,84198,0,70298,1355542,-48848,401,28070,-76517,-1180669,-84198,0,-1264867
23-07-2021,FII,89439,60892,719341,710039,299957,403935,194503,206918,60892,64458,104593,57158,1638021,1334103,28547,105454,197017,-63016,9302,-43701,7300,-41699
23-07-2021,Pro,38754,20921,288830,113397,375872,397860,391224,378119,193672,284506,447565,155478,1579494,1506704,17833,-15352,19741,-17260,175433,-253893,129028,-207488
23-07-2021,TOTAL,284926,284926,2235272,2235272,1991557,2137141,1991557,2137141,1275980,658975,1275980,658975,8583851,8583851,0,0,0,0,0,0,0,0
23-09-2020,Client,113033,111001,607203,132983,1134372,766661,957719,974047,475742,113435,287302,191334,3210446,2654386,2032,176653,-207386,386071,474220,188440,-77899,740559
23-09-2020,DII,3799,23031,37041,757757,267,30844,0,0,48,0,1972,0,71999,782760,-19232,267,30844,-49809,-720716,-1924,0,-722640
23-09-2020,FII,76442,75778,663558,512071,237210,385861,178194,183170,19185,19189,23551,12894,1401445,985658,664,59016,202691,-143011,151487,-4366,6295,140826
23-09-2020,Pro,39856,23320,182046,87037,240777,262777,476713,288926,90315,150708,272465,79104,966479,1227565,16536,-235936,-26149,-193251,95009,-182150,71604,-158745
23-09-2020,TOTAL,233130,233130,1489848,1489848,1612626,1446143,1612626,1446143,585290,283332,585290,283332,5650369,5650369,0,0,0,0,0,0,0,0
23-10-2020,Client,116150,125048,639822,155626,708096,780486,683733,943090,510681,186260,335664,210833,2941495,2453994,-8898,24363,-162604,178069,484196,175017,-24573,683786
23-10-2020,DII,1800,39858,35967,744599,267,40025,0,0,0,0,875,0,78059,785332,-38058,267,40025,-77816,-708632,-875,0,-709507
23-10-2020,FII,90796,56813,631239,483832,196631,326914,131465,185987,26557,24142,34611,20228,1296279,912936,33983,65166,140927,-41778,147407,-8054,3914,135439
23-10-2020,Pro,40449,27476,179163,102134,194236,222181,284032,240529,103576,130460,269664,109801,870065,1033636,12973,-89796,-18348,-58475,77029,-166088,20659,-109718
23-10-2020,TOTAL,249195,249195,1486191,1486191,1099230,1369606,1099230,1369606,640814,340862,640814,340862,5185898,5185898,0,0,0,0,0,0,0,0
23-11-2020,Client,91400,140393,649895,175219,807219,1055159,785310,1121151,468305,245582,332651,219603,3317560,2774327,-48993,21909,-65992,38908,474676,135654,25979,584351
23-11-2020,DII,2329,38961,33895,757869,267,27036,0,0,0,0,4460,0,63527,801290,-36632,267,27036,-63401,-723974,-4460,0,-728434
23-11-2020,FII,120885,53299,765793,553183,225604,319628,148573,245525,21982,23305,29706,17885,1477197,1048171,67586,77031,74103,70514,212610,-7724,5420,199466
23-11-2020,Pro,44572,26533,177715,141027,253187,268534,352394,303681,142079,129117,265549,160516,1015204,1249700,18039,-99207,-35147,-46021,36688,-123470,-31399,-55383
23-11-2020,TOTAL,259186,259186,1627298,1627298,1286277,1670357,1286277,1670357,632366,398004,632366,398004,5873488,5873488,0,0,0,0,0,0,0,0
23-12-2020,Client,119654,129077,654291,185441,965070,1242545,936083,1272498,568741,216495,369684,244261,3766796,3137044,-9423,28987,-29953,49517,468850,199057,-27766,695673
23-12-2020,DII,2622,41252,27495,737589,267,53488,0,0,540,0,3169,0,84412,782010,-38630,267,53488,-91851,-710094,-2629,0,-712723
23-12-2020,FII,100535,52716,721448,547981,259416,318777,184085,226602,21216,26944,29997,26152,1448336,1067533,47819,75331,92175,30975,173467,-8781,792,163894
23-12-2020,Pro,27985,27751,176101,108324,288505,327870,393090,443580,117976,159347,305623,132373,1097784,1410741,234,-104585,-115710,11359,67777,-187647,26974,-146844
23-12-2020,TOTAL,250796,250796,1579335,1579335,1513258,1942680,1513258,1942680,708473,402786,708473,402786,6397328,6397328,0,0,0,0,0,0,0,0
24-01-2020,Client,122565,101620,790004,202694,499479,527471,516088,783998,346872,153557,256214,177278,2439948,2037892,20945,-16609,-256527,260863,587310,90658,-23721,701689
24-01-2020,DII,41164,25419,27261,1111598,4317,80750,0,0,0,0,882,0,153492,1137899,15745,4317,80750,-60688,-1084337,-882,0,-1085219
24-01-2020,FII,98622,120301,1013150,578399,182665,345541,120380,126913,18614,30185,28134,15197,1688777,989324,-21679,62285,218628,-178022,434751,-9520,14988,410243
24-01-2020,Pro,15520,30531,192880,130604,146088,173958,196081,216809,78640,86727,158896,77994,693813,810915,-15011,-49993,-42851,-22153,62276,-80256,8733,-26713
24-01-2020,TOTAL,277871,277871,2023295,2023295,832549,1127720,832549,1127720,444126,270469,444126,270469,4976030,4976030,0,0,0,0,0,0,0,0
24-02-2020,Client,190324,102105,822224,250797,731757,458826,661713,729405,406091,128686,263945,172809,2737908,2180774,88219,70044,-270579,428842,571427,142146,-44123,757696
24-02-2020,DII,27138,17117,41510,1078087,4317,71750,0,0,3112,0,3031,0,147827,1098235,10021,4317,71750,-57412,-1036577,81,0,-1036496
24-02-2020,FII,42979,150752,991570,623667,168918,343741,95277,120113,19797,21143,23492,15636,1588148,1028937,-107773,73641,223628,-257760,367903,-3695,5507,358701
24-02-2020,Pro,30965,21432,238675,141428,143279,168668,291281,193467,69542,104946,208074,66330,756075,922012,9533,-148002,-24799,-113670,97247,-138532,38616,-79901
24-02-2020,TOTAL,291406,291406,2093979,2093979,1048271,1042985,1048271,1042985,498542,254775,498542,254775,5229958,5229958,0,0,0,0,0,0,0,0
24-02-2021,Client,123348,116375,761154,172865,880004,1168557,898974,1196827,526609,195806,361548,251503,3655478,2998092,6973,-18970,-28270,16273,588289,165061,-55697,809047
24-02-2021,DII,851,46145,23471,825438,267,13415,0,0,0,216,7371,0,38220,878954,-45294,267,13415,-58442,-801967,-7371,216,-809554
24-02-2021,FII,92727,51994,693003,551753,292526,408243,178728,271985,40218,43891,57681,38462,1570608,1150603,40733,113798,136258,18273,141250,-17463,5429,118358
24-02-2021,Pro,32155,34567,193492,121064,279173,285820,374268,407223,151270,181452,291497,131400,1123362,1360019,-2412,-95095,-121403,23896,72428,-140227,50052,-117851
24-02-2021,TOTAL,249081,249081,1671120,1671120,1451970,1876035,1451970,1876035,718097,421365,718097,421365,6387668,6387668,0,0,0,0,0,0,0,0
24-03-2020,Client,82506,122539,360415,92458,560261,317476,519179,481244,199066,63004,163481,74698,1582728,1453599,-40033,41082,-163768,164817,267957,35585,-11694,315236
24-03-2020,DII,65781,1921,77694,908264,19064,63354,0,0,0,0,3097,0,225893,913282,63860,19064,63354,19570,-830570,-3097,0,-833667
24-03-2020,FII,118361,104871,971597,460390,215099,358726,188173,190485,24592,15392,19405,15051,1703767,978375,13490,26926,168241,-127825,511207,5187,341,516053
24-03-2020,Pro,18758,56075,112874,61468,133026,118157,220098,185984,79538,76363,117213,65010,538716,705848,-37317,-87072,-67827,-56562,51406,-37675,11353,2378
24-03-2020,TOTAL,285406,285406,1522580,1522580,927450,857713,927450,857713,303196,154759,303196,154759,4051104,4051104,0,0,0,0,0,0,0,0
24-03-2021,Client,199231,168438,747561,141223,1301095,917180,1188853,1084340,519829,155103,329301,234155,3839999,3146310,30793,112242,-167160,310195,606338,190528,-79052,875918
24-03-2021,DII,676,33999,29186,840640,267,10264,0,0,0,0,13457,0,40393,888096,-33323,267,10264,-43320,-811454,-13457,0,-824911
24-03-2021,FII,80977,59068,603776,497375,299327,420519,224977,211495,33144,33659,47429,31915,1471402,1072259,21909,74350,209024,-112765,106401,-14285,1744,90372
24-03-2021,Pro,22904,42283,183716,85001,356434,306450,543293,358578,111829,170504,274615,93196,1151837,1396966,-19379,-186859,-52128,-154110,98715,-162786,77308,-141379
24-03-2021,TOTAL,303788,303788,1564239,1564239,1957123,1654413,1957123,1654413,664802,359266,664802,359266,6503631,6503631,0,0,0,0,0,0,0,0
24-04-2020,Client,106382,119942,360922,216130,388869,428285,376859,530698,220888,129104,163877,106263,1634450,1513769,-13560,12010,-102413,100863,144792,57011,22841,178962
24-04-2020,DII,32698,4062,67986,766402,4584,62691,0,0,0,0,2680,0,167959,773144,28636,4584,62691,-29471,-698416,-2680,0,-701096
24-04-2020,FII,68255,82197,1018595,480840,126181,174759,94979,108041,10516,14843,17124,10196,1413149,793377,-13942,31202,66718,-49458,537755,-6608,4647,526500
24-04-2020,Pro,21503,22637,155746,139877,100718,113931,148514,140927,72340,55119,120063,82607,519357,654625,-1134,-47796,-26996,-21934,15869,-47723,-27488,-4366
24-04-2020,TOTAL,228838,228838,1603249,1603249,620352,779666,620352,779666,303744,199066,303744,199066,3734915,3734915,0,0,0,0,0,0,0,0
24-05-2021,Client,138407,121189,1057017,205221,977782,1123791,1003215,1265476,742085,268757,477979,331518,4307839,3404598,17218,-25433,-141685,133470,851796,264106,-62761,1178663
24-05-2021,DII,3364,44810,41999,1088264,267,32538,0,0,0,0,57982,0,78168,1191056,-41446,267,32538,-73717,-1046265,-57982,0,-1104247
24-05-2021,FII,70686,47771,797053,696275,323968,375791,206627,208280,61788,57101,81786,53522,1686387,1294261,22915,117341,167511,-27255,100778,-19998,3579,77201
24-05-2021,Pro,30516,29203,236117,142426,286041,289688,378216,348052,193174,227770,379300,168588,1263306,1445785,1313,-92175,-58364,-32498,93691,-186126,59182,-151617
24-05-2021,TOTAL,242973,242973,2132186,2132186,1588058,1821808,1588058,1821808,997047,553628,997047,553628,7335700,7335700,0,0,0,0,0,0,0,0
24-06-2020,Client,134030,126704,430234,214463,870116,835227,739456,882851,271397,180248,207163,163210,2721252,2333847,7326,130660,-47624,185610,215771,64234,17038,262967
24-06-2020,DII,16611,22558,54634,849589,4584,82339,0,0,81,0,4951,0,158249,877098,-5947,4584,82339,-83702,-794955,-4870,0,-799825
24-06-2020,FII,67580,68947,972532,410965,228208,274371,188410,216477,14686,18499,16398,15780,1575876,916977,-1367,39798,57894,-19463,561567,-1712,2719,557136
24-06-2020,Pro,35894,35906,139830,122213,229399,205208,404441,297817,117343,111987,174995,131744,839661,1167116,-12,-175042,-92609,-82445,17617,-57652,-19757,-20278
24-06-2020,TOTAL,254115,254115,1597230,1597230,1332307,1397145,1332307,1397145,403507,310734,403507,310734,5295038,5295038,0,0,0,0,0,0,0,0
24-06-2021,Client,132834,168820,1078549,130369,608389,617685,674885,748760,394114,133872,252127,237035,2965443,2211996,-35986,-66496,-131075,28593,948180,141987,-103163,1193330
24-06-2021,DII,2117,54828,16761,1099380,267,15392,0,0,0,0,723,0,34537,1154931,-52711,267,15392,-67836,-1082619,-723,0,-1083342
24-06-2021,FII,115293,25096,659202,657542,171572,206555,84725,113049,13656,16721,22123,12067,1182999,914602,90197,86847,93506,83538,1660,-8467,4654,-11461
24-06-2021,Pro,20643,22143,205358,72579,185582,250184,206200,228007,73850,152552,206647,54043,888169,789619,-1500,-20618,22177,-44295,132779,-132797,98509,-98527
24-06-2021,TOTAL,270887,270887,1959870,1959870,965810,1089816,965810,1089816,481620,303145,481620,303145,5071148,5071148,0,0,0,0,0,0,0,0
24-07-2020,Client,142682,122184,512891,240179,532712,775904,545422,850997,481328,211656,317365,219158,2657173,2295305,20498,-12710,-75093,82881,272712,163963,-7502,444177
24-07-2020,DII,10508,32386,35572,781027,267,52682,0,0,0,0,8680,0,99029,822093,-21878,267,52682,-74293,-745455,-8680,0,-754135
24-07-2020,FII,69728,67079,862193,457236,184634,264006,132912,179809,19644,20096,33648,16455,1420301,887139,2649,51722,84197,-29826,404957,-14004,3641,387312
24-07-2020,Pro,28238,29507,182396,114610,171451,217295,210730,279081,128373,134067,269652,130206,861820,1033786,-1269,-39279,-61786,21238,67786,-141279,3861,-77354
24-07-2020,TOTAL,251156,251156,1593052,1593052,889064,1309887,889064,1309887,629345,365819,629345,365819,5038323,5038323,0,0,0,0,0,0,0,0
24-08-2020,Client,96093,112921,576614,171408,579728,902646,608300,966049,442252,208927,299276,216641,2806260,2374595,-16828,-28572,-63403,18003,405206,142976,-7714,555896
24-08-2020,DII,9782,36801,26330,745178,1577,46491,0,0,0,0,7425,0,84180,789404,-27019,1577,46491,-71933,-718848,-7425,0,-726273
24-08-2020,FII,83273,46414,775653,519778,185815,259281,99593,165133,19814,22669,28116,16062,1346505,875096,36859,86222,94148,28933,255875,-8302,6607,240966
24-08-2020,Pro,29983,22995,179682,121915,201139,246706,260366,323942,116532,130558,243781,129451,904600,1102450,6988,-59227,-77236,24997,57767,-127249,1107,-70589
24-08-2020,TOTAL,219131,219131,1558279,1558279,968259,1455124,968259,1455124,578598,362154,578598,362154,5141545,5141545,0,0,0,0,0,0,0,0
24-09-2020,Client,108890,98291,584983,108793,584985,397408,540415,586208,188115,59868,108995,117740,1924249,1560442,10599,44570,-188800,243969,476190,79120,-57872,613182
24-09-2020,DII,9771,21695,28909,734134,267,29682,0,0,0,0,0,0,68629,755829,-11924,267,29682,-41339,-705225,0,0,-705225
24-09-2020,FII,37716,47462,628513,482166,155131,265072,93922,114368,2197,6518,6825,6839,1095147,751582,-9746,61209,150704,-99241,146347,-4628,-321,142040
24-09-2020,Pro,25157,14086,130099,47411,156532,146204,262578,137790,30426,85371,104918,27178,573789,593961,11071,-106046,8414,-103389,82688,-74492,58193,-49997
24-09-2020,TOTAL,181534,181534,1372504,1372504,896915,838366,896915,838366,220738,151757,220738,151757,3661814,3661814,0,0,0,0,0,0,0,0
24-11-2020,Client,101720,146646,660708,175861,704653,1231744,726074,1242706,440219,245812,320639,215947,3384856,2827873,-44926,-21421,-10962,-55385,484847,119580,29865,574562
24-11-2020,DII,2298,39056,34125,756402,267,29835,0,0,0,0,4460,0,66525,799918,-36758,267,29835,-66326,-722277,-4460,0,-726737
24-11-2020,FII,125788,57615,758456,558036,249074,355852,145891,276949,20628,21844,30283,18578,1531642,1087352,68173,103183,78903,92453,200420,-9655,3266,187499
24-11-2020,Pro,42146,28635,183291,146281,211768,273378,293797,371154,146504,128254,251969,161385,985341,1253221,13511,-82029,-97776,29258,37010,-105465,-33131,-35324
24-11-2020,TOTAL,271952,271952,1636580,1636580,1165762,1890809,1165762,1890809,607351,395910,607351,395910,5968364,5968364,0,0,0,0,0,0,0,0
24-12-2020,Client,111771,132332,648693,181398,500936,799893,522557,895741,530907,212818,353274,240544,2805018,2325846,-20561,-21621,-95848,53666,467295,177633,-27726,672654
24-12-2020,DII,2622,43347,27130,734732,367,53788,0,0,540,0,3169,0,84447,781248,-40725,367,53788,-94146,-707602,-2629,0,-710231
24-12-2020,FII,110897,52337,723787,549964,194371,271453,129598,189357,21574,27781,31479,27235,1349863,979970,58560,64773,82096,41237,173823,-9905,546,163372
24-12-2020,Pro,27498,24772,173592,107108,157341,192318,200860,232354,119395,152489,284494,125309,822633,974897,2726,-43519,-40036,-757,66484,-165099,27180,-125795
24-12-2020,TOTAL,252788,252788,1573202,1573202,853015,1317452,853015,1317452,672416,393088,672416,393088,5061961,5061961,0,0,0,0,0,0,0,0
25-01-2021,Client,125532,144322,720643,192258,1137987,837750,999396,980759,639438,196358,401708,261093,3657708,2979536,-18790,138591,-143009,262810,528385,237730,-64735,830850
25-01-2021,DII,3302,42716,18490,787349,267,26244,0,0,267,44,2589,0,48614,832654,-39414,267,26244,-65391,-768859,-2322,44,-771225
25-01-2021,FII,100663,56129,693023,536313,204100,291896,161476,190157,37147,33168,66501,29975,1359997,1040551,44534,42624,101739,-14581,156710,-29354,3193,124163
25-01-2021,Pro,43428,29758,197744,113980,259692,280952,441174,265926,129438,177091,335492,115593,1088345,1301923,13670,-181482,15026,-182838,83764,-206054,61498,-183788
25-01-2021,TOTAL,272925,272925,1629900,1629900,1602046,1436842,1602046,1436842,806290,406661,806290,406661,6154664,6154664,0,0,0,0,0,0,0,0
25-02-2020,Client,162855,98625,818772,212350,827444,526495,733907,778079,391408,127869,258055,168501,2854843,2249517,64230,93537,-251584,409351,606422,133353,-40632,780407
25-02-2020,DII,29137,14018,43608,1087906,4317,74960,0,0,3112,0,3091,0,155134,1105015,15119,4317,74960,-55524,-1044298,21,0,-1044277
25-02-2020,FII,58661,148351,981581,638484,171901,326362,95102,118675,17071,18842,19495,14189,1574418,1034296,-89690,76799,207687,-220578,343097,-2424,4653,336020
25-02-2020,Pro,32393,22052,231116,136337,150641,178714,325294,209777,71570,103844,202520,67865,768278,963845,10341,-174653,-31063,-133249,94779,-130950,35979,-72150
25-02-2020,TOTAL,283046,283046,2075077,2075077,1154303,1106531,1154303,1106531,483161,250555,483161,250555,5352673,5352673,0,0,0,0,0,0,0,0
25-02-2021,Client,84957,103671,727312,122925,509646,523451,495953,632728,272949,81232,167745,136876,2199547,1659898,-18714,13693,-109277,104256,604387,105204,-55644,765235
25-02-2021,DII,851,42437,20413,809360,267,10857,0,0,0,0,685,0,32388,852482,-41586,267,10857,-52176,-788947,-685,0,-789632
25-02-2021,FII,93004,28923,622674,523841,125720,222356,83234,105203,12884,15774,20951,15569,1092412,777721,64081,42486,117153,-10586,98833,-8067,205,90561
25-02-2021,Pro,16930,20711,150224,64497,146804,163806,203250,182539,51832,94409,148284,38970,624005,658251,-3781,-56446,-18733,-41494,85727,-96452,55439,-66164
25-02-2021,TOTAL,195742,195742,1520623,1520623,782437,920470,782437,920470,337665,191415,337665,191415,3948352,3948352,0,0,0,0,0,0,0,0
25-03-2020,Client,89914,124617,353274,105650,512246,442190,485057,574090,172774,56293,148047,65723,1626691,1503184,-34703,27189,-131900,124386,247624,24727,-9430,281781
25-03-2020,DII,67902,1849,69733,882597,19064,62271,0,0,0,0,3094,0,218970,887540,66053,19064,62271,22846,-812864,-3094,0,-815958
25-03-2020,FII,122755,109005,956805,433157,226205,369228,183330,208220,23861,15002,18495,13524,1713856,965731,13750,42875,161008,-104383,523648,5366,1478,527536
25-03-2020,Pro,19044,64144,109964,68372,143055,127866,232183,219245,80281,70351,107280,62399,550561,753623,-45100,-89128,-91379,-42849,41592,-26999,7952,6641
25-03-2020,TOTAL,299615,299615,1489776,1489776,900570,1001555,900570,1001555,276916,141646,276916,141646,4110078,4110078,0,0,0,0,0,0,0,0
25-03-2021,Client,161408,156419,709781,98599,528460,450890,524076,599861,215924,77818,125886,147952,2144281,1652793,4989,4384,-148971,158344,611182,90038,-70134,771354
25-03-2021,DII,693,26145,19630,844331,267,7175,0,0,0,0,0,0,27765,870476,-25452,267,7175,-32360,-824701,0,0,-824701
25-03-2021,FII,66707,40121,587212,454657,137141,243188,91442,110103,10764,15331,16595,13861,1060343,726779,26586,45699,133085,-60800,132555,-5831,1470,125254
25-03-2021,Pro,20739,26862,143101,62137,176729,172980,227079,164269,42960,102967,127167,34303,659476,641817,-6123,-50350,8711,-65184,80964,-84207,68664,-71907
25-03-2021,TOTAL,249547,249547,1459724,1459724,842597,874233,842597,874233,269648,196116,269648,196116,3891865,3891865,0,0,0,0,0,0,0,0
25-05-2021,Client,130667,125248,1063445,188506,1171167,1129943,1177591,1304269,714184,263833,464147,333126,4473239,3592887,5419,-6424,-174326,173321,874939,250037,-69293,1194269
25-05-2021,DII,3369,43810,41762,1087270,267,42113,0,0,0,0,55022,0,87511,1186102,-40441,267,42113,-82287,-1045508,-55022,0,-1100530
25-05-2021,FII,91231,55817,771142,697782,347476,400895,218568,222153,56087,51870,75952,52505,1718701,1322777,35414,128908,178742,-14420,73360,-19865,-635,54130
25-05-2021,Pro,28891,29283,231732,134523,343361,315367,466112,361896,192897,234860,368047,164932,1347108,1524793,-392,-122751,-46529,-76614,97209,-175150,69928,-147869
25-05-2021,TOTAL,254158,254158,2108081,2108081,1862271,1888318,1862271,1888318,963168,550563,963168,550563,7626559,7626559,0,0,0,0,0,0,0,0
25-06-2020,Client,133440,107803,404595,199043,325964,384561,335908,454670,121977,51171,90066,68180,1421708,1255670,25637,-9944,-70109,85802,205552,31911,-17009,254472
25-06-2020,DII,15680,18393,24050,789441,267,33670,0,0,0,0,156,0,73667,807990,-2713,267,33670,-36116,-765391,-156,0,-765547
25-06-2020,FII,39022,52938,895514,370837,104061,148003,86824,85224,2298,3464,7467,5671,1192362,608961,-13916,17237,62779,-59458,524677,-5169,-2207,521715
25-06-2020,Pro,16308,25316,95619,60457,103805,113358,111365,139698,41045,51678,67631,32462,421813,436929,-9008,-7560,-26340,9772,35162,-26586,19216,-10640
25-06-2020,TOTAL,204450,204450,1419778,1419778,534097,679592,534097,679592,165320,106313,165320,106313,3109550,3109550,0,0,0,0,0,0,0,0
25-06-2021,Client,147727,174717,1105880,148896,850092,987241,952931,1148328,505905,167397,318983,276274,3764242,3020129,-26990,-102839,-161087,31258,956984,186922,-108877,1252783
25-06-2021,DII,2117,56780,18926,1119027,401,17378,0,0,0,0,11813,0,38822,1187620,-54663,401,17378,-71640,-1100101,-11813,0,-1111914
25-06-2021,FII,106077,26591,668604,668942,216458,267609,115700,153808,26947,31482,42469,23655,1317177,1031165,79486,100758,113801,66443,-338,-15522,7827,-23687
25-06-2021,Pro,25738,23571,221706,78251,294552,344676,292872,314768,95893,167998,255480,66948,1150563,1031889,2167,1680,29908,-26061,143455,-159587,101050,-117182
25-06-2021,TOTAL,281659,281659,2015116,2015116,1361503,1616904,1361503,1616904,628745,366877,628745,366877,6270803,6270803,0,0,0,0,0,0,0,0
25-08-2020,Client,99867,115668,580098,178553,659610,969656,669487,1029012,414503,200789,279836,211924,2924523,2484480,-15801,-9877,-59356,33678,401545,134667,-11135,547347
25-08-2020,DII,9161,37091,27035,746089,922,50091,0,0,94,0,7425,0,87303,790605,-27930,922,50091,-77099,-719054,-7331,0,-726385
25-08-2020,FII,89802,52917,767221,511791,199159,270766,107806,173296,17541,21252,24120,14784,1365741,884714,36885,91353,97470,30768,255430,-6579,6468,242383
25-08-2020,Pro,28852,22006,173700,111621,204126,262152,286524,350357,115483,131318,236240,126651,915631,1133399,6846,-82398,-88205,12653,62079,-120757,4667,-63345
25-08-2020,TOTAL,227682,227682,1548054,1548054,1063817,1552665,1063817,1552665,547621,353359,547621,353359,5293198,5293198,0,0,0,0,0,0,0,0
25-09-2020,Client,99620,95661,578731,117740,635531,653992,651925,783851,223531,74372,138113,129048,2265777,1916338,3959,-16394,-129859,117424,460991,85418,-54676,601085
25-09-2020,DII,2253,22463,29786,743134,267,29682,0,0,0,0,0,0,61988,765597,-20210,267,29682,-49625,-713348,0,0,-713348
25-09-2020,FII,47407,40372,643390,473810,195353,283967,107780,153941,6909,13096,12413,12085,1190122,800401,7035,87573,130026,-35418,169580,-5504,1011,163065
25-09-2020,Pro,26681,17465,132464,49687,190422,197422,261868,227271,39490,90657,119404,36992,677136,712687,9216,-71446,-29849,-32381,82777,-79914,53665,-50802
25-09-2020,TOTAL,175961,175961,1384371,1384371,1021573,1165063,1021573,1165063,269930,178125,269930,178125,4195023,4195023,0,0,0,0,0,0,0,0
25-11-2020,Client,100849,130478,635958,161146,1082657,1063661,952590,1169116,381003,208662,276565,201299,3472790,2891194,-29629,130067,-105455,205893,474812,104438,7363,571887
25-11-2020,DII,1893,40057,33898,759697,267,29807,0,0,0,0,3875,0,65865,803629,-38164,267,29807,-67704,-725799,-3875,0,-729674
25-11-2020,FII,113673,63602,757701,541813,262610,382535,186820,282992,16220,18979,24968,17803,1551718,1117998,50071,75790,99543,26318,215888,-8748,1176,205964
25-11-2020,Pro,44429,26707,165280,130181,276121,293871,482245,317766,140275,136853,232090,145392,1056829,1334381,17722,-206124,-23895,-164507,35099,-91815,-8539,-48177
25-11-2020,TOTAL,260844,260844,1592837,1592837,1621655,1769874,1621655,1769874,537498,364494,537498,364494,6147202,6147202,0,0,0,0,0,0,0,0
26-02-2020,Client,166082,94038,816849,192104,875407,530399,742238,793568,352426,113755,235547,158051,2854918,2215546,72044,133169,-263169,468382,624745,116879,-44296,785920
26-02-2020,DII,35562,13875,45032,1094824,6317,74975,0,0,3112,0,3288,0,164998,1111987,21687,6317,74975,-46971,-1049792,-176,0,-1049968
26-02-2020,FII,70795,174334,991817,669325,188366,344496,103286,123858,16153,16923,15981,12063,1628550,1098847,-103539,85080,220638,-239097,322492,172,4860,317804
26-02-2020,Pro,33599,23791,222081,119526,146955,184648,371521,217092,71727,103890,188602,64454,762900,984986,9808,-224566,-32444,-182314,102555,-116875,39436,-53756
26-02-2020,TOTAL,306038,306038,2075779,2075779,1217045,1134518,1217045,1134518,443418,234568,443418,234568,5411366,5411366,0,0,0,0,0,0,0,0
26-02-2021,Client,133765,123838,757077,147676,967922,593856,870424,754000,381611,101583,213954,182654,2935814,2292546,9927,97498,-160144,267569,609401,167657,-81071,858129
26-02-2021,DII,513,33571,21402,822726,267,12740,0,0,0,0,6132,0,34922,862429,-33058,267,12740,-45531,-801324,-6132,0,-807456
26-02-2021,FII,83407,54196,640623,545394,182622,284030,142738,134394,21199,22822,32177,22608,1234703,931507,29211,39884,149636,-80541,95229,-10978,214,84037
26-02-2021,Pro,22921,29001,172661,75967,272381,237683,410030,239915,60056,131035,210603,50178,896737,1015694,-6080,-137649,-2232,-141497,96694,-150547,80857,-134710
26-02-2021,TOTAL,240606,240606,1591763,1591763,1423192,1128309,1423192,1128309,462866,255440,462866,255440,5102176,5102176,0,0,0,0,0,0,0,0
26-03-2020,Client,86213,93073,310809,110680,206448,236818,220389,330061,34263,18418,31538,22711,892969,808452,-6860,-13941,-93243,72442,200129,2725,-4293,207147
26-03-2020,DII,63411,2049,32167,751500,4317,60671,0,0,0,0,0,0,160566,753549,61362,4317,60671,5008,-719333,0,0,-719333
26-03-2020,FII,36000,85492,893030,400142,103796,139616,77666,85338,788,3197,709,2883,1176427,652230,-49492,26130,54278,-77640,492888,79,314,492653
26-03-2020,Pro,10320,15330,67610,41294,43892,51949,60398,73655,14929,15439,17733,11460,204139,219870,-5010,-16506,-21706,190,26316,-2804,3979,19533
26-03-2020,TOTAL,195944,195944,1303616,1303616,358453,489054,358453,489054,49980,37054,49980,37054,2434101,2434101,0,0,0,0,0,0,0,0
26-03-2021,Client,155361,164029,718970,103431,703825,687280,741328,821640,258349,96387,157911,159670,2620172,2148009,-8668,-37503,-134360,88189,615539,100438,-63283,779260
26-03-2021,DII,1358,28158,19992,858692,267,7175,0,0,0,11,928,0,28803,887778,-26800,267,7175,-33708,-838700,-928,11,-839639
26-03-2021,FII,78756,32735,594845,459431,178765,269995,125111,150734,18275,20824,25361,22138,1161460,815510,46021,53654,119261,-19586,135414,-7086,-1314,129642
26-03-2021,Pro,21659,32212,150272,62525,291430,263875,307848,255951,60369,110417,152793,45831,898022,857160,-10553,-16418,7924,-34895,87747,-92424,64586,-69263
26-03-2021,TOTAL,257134,257134,1484079,1484079,1174287,1228325,1174287,1228325,336993,227639,336993,227639,4708457,4708457,0,0,0,0,0,0,0,0
26-04-2021,Client,160079,126845,860789,242065,797167,1071528,897165,1155015,596163,237007,384713,264416,3722733,3070219,33234,-99998,-83487,16723,618724,211450,-27409,857583
26-04-2021,DII,1630,51746,34172,898664,267,25661,0,0,121,0,33238,0,61851,983648,-50116,267,25661,-75510,-864492,-33117,0,-897609
26-04-2021,FII,83368,38641,658281,507792,268399,348619,149539,225483,51477,47550,71172,46109,1457694,1038736,44727,118860,123136,40451,150489,-19695,1441,129353
26-04-2021,Pro,15665,43510,179889,84610,305786,319378,324915,384688,131584,161653,290222,135685,1113955,1263630,-27845,-19129,-65310,18336,95279,-158638,25968,-89327
26-04-2021,TOTAL,260742,260742,1733131,1733131,1371619,1765186,1371619,1765186,779345,446210,779345,446210,6356233,6356233,0,0,0,0,0,0,0,0
26-05-2020,Client,116118,126200,486290,188539,671782,487416,570368,638122,353440,119549,219117,139095,2234595,1881441,-10082,101414,-150706,242038,297751,134323,-19546,451620
26-05-2020,DII,27562,12606,49973,912082,4584,67003,0,0,0,0,1900,0,149122,926588,14956,4584,67003,-47463,-862109,-1900,0,-864009
26-05-2020,FII,51946,73537,1045169,580583,139766,226505,122507,126337,9232,14881,19468,11362,1487499,933794,-21591,17259,100168,-104500,464586,-10236,3519,450831
26-05-2020,Pro,39308,22591,204542,104770,144881,135247,268138,151712,75979,94657,198166,78630,694614,824007,16717,-123257,-16465,-90075,99772,-122187,16027,-38442
26-05-2020,TOTAL,234934,234934,1785974,1785974,961013,916171,961013,916171,438651,229087,438651,229087,4565830,4565830,0,0,0,0,0,0,0,0
26-05-2021,Client,134395,135623,1072080,181218,1217846,1319518,1238884,1448725,635636,249697,430564,327022,4629172,3762036,-1228,-21038,-129207,106941,890862,205072,-77325,1173259
26-05-2021,DII,3360,43650,41756,1092436,267,43799,0,0,0,0,38821,0,89182,1174907,-40290,267,43799,-83822,-1050680,-38821,0,-1089501
26-05-2021,FII,103229,55383,757129,693045,395908,449315,243700,250317,50440,47041,68802,49105,1803062,1360352,47846,152208,198998,1056,64084,-18362,-2064,47786
26-05-2021,Pro,27043,33371,227885,132151,329225,324826,460662,438416,185380,239479,333269,160090,1333838,1557959,-6328,-131437,-113590,-24175,95734,-147889,79389,-131544
26-05-2021,TOTAL,268027,268027,2098850,2098850,1943246,2137458,1943246,2137458,871456,536217,871456,536217,7855254,7855254,0,0,0,0,0,0,0,0
26-06-2020,Client,137705,104549,415714,223584,490533,535592,505945,581572,170128,69879,121697,90236,1819551,1627583,33156,-15412,-45980,63724,192130,48431,-20357,260918
26-06-2020,DII,16005,19445,29367,793787,267,33670,0,0,0,0,1656,0,79309,814888,-3440,267,33670,-36843,-764420,-1656,0,-766076
26-06-2020,FII,45645,63370,903006,373252,140020,173400,108290,110168,8039,10869,17488,12702,1280979,685270,-17725,31730,63232,-49227,529754,-9449,-1833,522138
26-06-2020,Pro,16470,28461,107658,65122,162622,156890,179207,207812,54944,67018,92270,44828,565602,617700,-11991,-16585,-50922,22346,42536,-37326,22190,-16980
26-06-2020,TOTAL,215825,215825,1455745,1455745,793442,899552,793442,899552,233111,147766,233111,147766,3745441,3745441,0,0,0,0,0,0,0,0
26-08-2020,Client,106159,120186,577802,173483,649044,1135895,682406,1135883,354848,184516,248312,199932,3008264,2560202,-14027,-33362,12,-47401,404319,106536,-15416,526271
26-08-2020,DII,9161,36560,27002,744145,267,52966,0,0,94,0,7556,0,89490,788261,-27399,267,52966,-80098,-717143,-7462,0,-724605
26-08-2020,FII,112634,72193,763582,515689,218816,286089,120922,196233,14860,18325,19346,13143,1414306,937526,40441,97894,89856,48479,247893,-4486,5182,238225
26-08-2020,Pro,26365,25380,166447,101516,244302,271982,309101,414816,117820,131582,212408,121348,958498,1184569,985,-64799,-142834,79020,64931,-94588,10234,-39891
26-08-2020,TOTAL,254319,254319,1534833,1534833,1112429,1746932,1112429,1746932,487622,334423,487622,334423,5470558,5470558,0,0,0,0,0,0,0,0
26-10-2020,Client,103775,125235,630943,153031,991884,812485,879604,981911,514192,166222,326331,202825,3219501,2668937,-21460,112280,-169426,260246,477912,187861,-36603,702376
26-10-2020,DII,1786,34726,35925,747368,267,40025,0,0,0,0,875,0,78003,782969,-32940,267,40025,-72698,-711443,-875,0,-712318
26-10-2020,FII,77569,52323,639449,480766,201462,333507,134435,201342,22676,23001,30706,19613,1297664,919185,25246,67027,132165,-39892,158683,-8030,3388,147265
26-10-2020,Pro,53251,24097,180116,105268,228602,247660,408176,250424,99437,135250,278393,102035,944316,1168393,29154,-179574,-2764,-147656,74848,-178956,33215,-137323
26-10-2020,TOTAL,236381,236381,1486433,1486433,1422215,1433677,1422215,1433677,636305,324473,636305,324473,5539484,5539484,0,0,0,0,0,0,0,0
26-11-2020,Client,98166,122092,592634,148154,435905,579842,455726,648179,197387,71214,131388,98709,1975148,1604248,-23926,-19821,-68337,24590,444480,65999,-27495,537974
26-11-2020,DII,1641,40498,27840,754516,267,27744,0,0,0,0,0,0,57492,795014,-38857,267,27744,-66334,-726676,0,0,-726676
26-11-2020,FII,103254,31498,748965,520677,158261,202751,94578,148737,3442,6614,6277,6577,1223287,808344,71756,63683,54014,81425,228288,-2835,37,225416
26-11-2020,Pro,16720,25693,126217,72309,147533,157841,191662,171262,51880,70485,115044,43027,570676,618997,-8973,-44129,-13421,-39681,53908,-63164,27458,-36714
26-11-2020,TOTAL,219781,219781,1495656,1495656,741966,968178,741966,968178,252709,148313,252709,148313,3826603,3826603,0,0,0,0,0,0,0,0
27-01-2020,Client,129125,102439,794780,205707,773055,467442,692555,755899,362516,145385,253211,174928,2672303,2184739,26686,80500,-288457,395643,589073,109305,-29543,727921
27-01-2020,DII,40997,25705,27701,1111717,4317,69107,0,0,0,0,865,0,142122,1138287,15292,4317,69107,-49498,-1084016,-865,0,-1084881
27-01-2020,FII,90859,136708,1016400,590875,192674,355212,128234,134012,17137,27704,27617,14960,1699986,1032406,-45849,64440,221200,-202609,425525,-10480,12744,402301
27-01-2020,Pro,31150,27279,197237,127819,146895,186304,296152,188154,79305,93724,177265,76925,734615,893594,3871,-149257,-1850,-143536,69418,-97960,16799,-45341
27-01-2020,TOTAL,292131,292131,2036118,2036118,1116941,1078065,1116941,1078065,458958,266813,458958,266813,5249026,5249026,0,0,0,0,0,0,0,0
27-01-2021,Client,123171,130569,716661,170117,1402350,841730,1173931,988218,558585,162465,350682,230197,3804962,3043714,-7398,228419,-146488,367509,546544,207903,-67732,822179
27-01-2021,DII,3302,33823,18974,804485,267,26435,0,0,267,0,2589,0,49245,840897,-30521,267,26435,-56689,-785511,-2322,0,-787833
27-01-2021,FII,105902,74133,676178,521753,235015,315242,202562,182536,32976,29978,61202,28419,1395291,1070605,31769,32453,132706,-68484,154425,-28226,1559,124640
27-01-2021,Pro,33129,26979,188241,103699,314709,274565,575848,287218,125955,172910,303310,106737,1109509,1403791,6150,-261139,-12653,-242336,84542,-177355,66173,-158986
27-01-2021,TOTAL,265504,265504,1600054,1600054,1952341,1457972,1952341,1457972,717783,365353,717783,365353,6359007,6359007,0,0,0,0,0,0,0,0
27-02-2020,Client,174523,67698,786396,172559,395448,333894,417859,567062,137745,54810,90385,90523,1882816,1406086,106825,-22411,-233168,317582,613837,47360,-35713,696910
27-02-2020,DII,29404,11512,25703,1002810,11983,74975,0,0,121,0,265,0,142186,1014587,17892,11983,74975,-45100,-977107,-144,0,-977251
27-02-2020,FII,26071,162106,811471,548630,118206,249788,52870,75141,4495,4129,3894,3598,1214160,846239,-136035,65336,174647,-245346,262841,601,531,262911
27-02-2020,Pro,24698,13380,154954,54525,93410,126055,148318,142509,22090,58140,69907,22958,479347,451597,11318,-54908,-16454,-27136,100429,-47817,35182,17430
27-02-2020,TOTAL,254696,254696,1778524,1778524,619047,784712,619047,784712,164451,117079,164451,117079,3718509,3718509,0,0,0,0,0,0,0,0
27-03-2020,Client,98381,95661,315523,128341,335317,312231,336446,391050,47644,30227,47289,29447,1139323,1028234,2720,-1129,-78819,80410,187182,355,780,186757
27-03-2020,DII,54635,3102,34191,737182,4317,60004,0,0,0,0,200,0,153147,740484,51533,4317,60004,-4154,-702991,-200,0,-703191
27-03-2020,FII,31554,83545,902751,401136,117938,148728,86796,96136,2423,3846,1934,3680,1207240,673227,-51991,31142,52592,-73441,501615,489,166,501938
27-03-2020,Pro,14864,17126,69377,55183,60301,59251,94631,93028,23809,19634,24453,20580,247236,305001,-2262,-34330,-33777,-2815,14194,-644,-946,14496
27-03-2020,TOTAL,199434,199434,1321842,1321842,517873,580214,517873,580214,73876,53707,73876,53707,2746946,2746946,0,0,0,0,0,0,0,0
27-04-2020,Client,88207,119960,370965,196665,431253,500982,414972,585451,223286,137881,169144,110298,1752574,1596490,-31753,16281,-84469,68997,174300,54142,27583,200859
27-04-2020,DII,14986,4110,67499,784766,4584,62398,0,0,0,0,2680,0,149467,791556,10876,4584,62398,-46938,-717267,-2680,0,-719947
27-04-2020,FII,80156,66429,1028555,498873,135300,184101,95665,117317,10632,14339,15877,9837,1453083,803998,13727,39635,66784,-13422,529682,-5245,4502,519935
27-04-2020,Pro,28664,21514,165938,152653,118847,134922,179347,179635,77429,55548,123646,87633,581348,744428,7150,-60500,-44713,-8637,13285,-46217,-32085,-847
27-04-2020,TOTAL,212013,212013,1632957,1632957,689984,882403,689984,882403,311347,207768,311347,207768,3936472,3936472,0,0,0,0,0,0,0,0
27-04-2021,Client,168403,134453,871075,253417,785891,1273609,915329,1298315,554690,243771,368842,261986,3897439,3232342,33950,-129438,-24706,-70782,617658,185848,-18215,821721
27-04-2021,DII,1344,52399,38275,904233,267,23440,0,0,0,0,29568,0,63326,986200,-51055,267,23440,-74228,-865958,-29568,0,-895526
27-04-2021,FII,87373,43121,676507,512741,291265,369808,152552,245249,48336,45947,67386,45978,1519236,1067027,44252,138713,124559,58406,163766,-19050,-31,144747
27-04-2021,Pro,17197,44344,181474,96940,335209,329774,344751,453067,138129,161705,275359,143459,1163488,1357920,-27147,-9542,-123293,86604,84534,-137230,18246,-70942
27-04-2021,TOTAL,274317,274317,1767331,1767331,1412632,1996631,1412632,1996631,741155,451423,741155,451423,6643489,6643489,0,0,0,0,0,0,0,0
27-05-2020,Client,106664,146847,478349,181878,524782,746875,505830,793697,276159,111535,189269,124147,2244364,1941668,-40183,18952,-46822,25591,296471,86890,-12612,395973
27-05-2020,DII,30966,8982,60934,948757,4584,69033,0,0,0,0,1900,0,165517,959639,21984,4584,69033,-42465,-887823,-1900,0,-889723
27-05-2020,FII,87496,78155,1051892,547257,163601,239200,112127,148247,8010,12467,17609,9975,1562666,913370,9341,51474,90953,-30138,504635,-9599,2492,492544
27-05-2020,Pro,35289,26431,175723,89006,148076,178623,223086,291787,84379,88908,159770,78788,710998,868868,8858,-75010,-113164,47012,86717,-75391,10120,1206
27-05-2020,TOTAL,260415,260415,1766898,1766898,841043,1233731,841043,1233731,368548,212910,368548,212910,4683545,4683545,0,0,0,0,0,0,0,0
27-05-2021,Client,103993,135711,1042699,145765,505456,567696,574832,702991,353665,110989,224408,192647,2684498,1976354,-31718,-69376,-135295,34201,896934,129257,-81658,1107849
27-05-2021,DII,1635,43650,29363,1075069,267,42364,0,0,0,0,2831,0,73629,1121550,-42015,267,42364,-84112,-1045706,-2831,0,-1048537
27-05-2021,FII,100595,12603,707199,677272,182288,230936,85894,113252,22541,18501,29172,18915,1262060,937108,87992,96394,117684,66702,29927,-6631,-414,23710
27-05-2021,Pro,8539,22798,197093,78248,170067,175171,197352,199924,67085,133379,186880,51307,751334,736509,-14259,-27285,-24753,-16791,118845,-119795,82072,-83022
27-05-2021,TOTAL,214762,214762,1976354,1976354,858078,1016167,858078,1016167,443291,262869,443291,262869,4771521,4771521,0,0,0,0,0,0,0,0
27-07-2020,Client,130514,124693,506149,218460,770550,764813,692589,871222,480200,207998,316227,214221,2860224,2437412,5821,77961,-106409,190191,287689,163973,-6223,457885
27-07-2020,DII,10508,35386,32719,785414,267,52682,0,0,0,0,7630,0,96176,828430,-24878,267,52682,-77293,-752695,-7630,0,-760325
27-07-2020,FII,68761,59010,875562,473894,187718,270020,136215,182903,17963,18940,31004,14992,1438964,898018,9751,51503,87117,-25863,401668,-13041,3948,384679
27-07-2020,Pro,37602,28296,179902,116564,198887,251487,328618,284877,125919,131487,269221,129212,925284,1156788,9306,-129731,-33390,-87035,63338,-143302,2275,-82239
27-07-2020,TOTAL,247385,247385,1594332,1594332,1157422,1339002,1157422,1339002,624082,358425,624082,358425,5320648,5320648,0,0,0,0,0,0,0,0
27-08-2020,Client,88373,114300,529655,146477,369186,552496,409509,629402,188240,65410,121966,104566,1793360,1526220,-25927,-40323,-76906,10656,383178,66274,-39156,488608
27-08-2020,DII,8572,36660,24055,720228,267,41812,0,0,0,0,0,0,74706,756888,-28088,267,41812,-69633,-696173,0,0,-696173
27-08-2020,FII,105552,35458,718659,483403,132106,204552,65270,117662,5742,6738,8282,5001,1173349,715076,70094,66836,86890,50040,235256,-2540,1737,230979
27-08-2020,Pro,12555,28634,130922,53183,133576,153836,160356,205632,46557,74619,110291,37200,552065,595296,-16079,-26780,-51796,8937,77739,-63734,37419,-23414
27-08-2020,TOTAL,215052,215052,1403291,1403291,635135,952696,635135,952696,240539,146767,240539,146767,3593480,3593480,0,0,0,0,0,0,0,0
27-10-2020,Client,125289,123014,618498,176903,808790,1065529,789127,1147486,467297,180619,308665,202263,3266022,2747458,2275,19663,-81957,103895,441595,158632,-21644,621871
27-10-2020,DII,1650,34726,36419,738776,267,40025,0,0,0,0,875,0,78361,774377,-33076,267,40025,-72834,-702357,-875,0,-703232
27-10-2020,FII,77330,63938,657812,471093,224285,365458,145381,245890,20127,21642,27053,18357,1366654,971712,13392,78904,119568,-27272,186719,-6926,3285,176508
27-10-2020,Pro,43260,25851,177842,103799,226228,263489,325062,341125,108780,131800,259611,113441,951399,1168889,17409,-98834,-77636,-3789,74043,-150831,18359,-95147
27-10-2020,TOTAL,247529,247529,1490571,1490571,1259570,1734501,1259570,1734501,596204,334061,596204,334061,5662436,5662436,0,0,0,0,0,0,0,0
27-11-2020,Client,92859,134884,635025,152497,653995,740624,654308,833278,256313,88255,167624,124801,2467071,2067392,-42025,-313,-92654,50316,482528,88689,-36546,607763
27-11-2020,DII,1683,41068,28340,758023,267,29744,0,0,0,0,0,0,60034,799091,-39385,267,29744,-68862,-729683,0,0,-729683
27-11-2020,FII,116906,25551,753523,573431,182104,236862,124165,169615,8048,13789,14024,11520,1311232,918306,91355,57939,67247,82047,180092,-5976,2269,171847
27-11-2020,Pro,18237,28182,147395,80332,213500,222581,271393,226918,65975,89844,148688,55567,757532,811080,-9945,-57893,-4337,-63501,67063,-82713,34277,-49927
27-11-2020,TOTAL,229685,229685,1564283,1564283,1049866,1229811,1049866,1229811,330336,191888,330336,191888,4595869,4595869,0,0,0,0,0,0,0,0
28-01-2020,Client,134147,102501,802593,199216,889708,461338,755082,758682,358696,138071,246989,169513,2784553,2231983,31646,134626,-297344,463616,603377,111707,-31442,746526
28-01-2020,DII,38123,23236,32215,1116187,4317,68895,0,0,0,0,687,0,143550,1140110,14887,4317,68895,-49691,-1083972,-687,0,-1084659
28-01-2020,FII,91778,145443,1000564,592231,188846,364736,142680,132563,16165,26417,26239,13303,1688506,1052459,-53665,46166,232173,-239672,408333,-10074,13114,385145
28-01-2020,Pro,31943,24811,198111,125849,152240,189065,337349,192789,79756,92771,180702,74443,743886,935943,7132,-185109,-3724,-174253,72262,-100946,18328,-47012
28-01-2020,TOTAL,295991,295991,2033483,2033483,1235111,1084034,1235111,1084034,454617,257259,454617,257259,5360495,5360495,0,0,0,0,0,0,0,0
28-01-2021,Client,117129,113729,688621,143648,406237,421509,397151,534914,252462,72656,143011,129400,1958614,1461853,3400,9086,-113405,125891,544973,109451,-56744,711168
28-01-2021,DII,1163,30223,14891,798849,267,13672,0,0,0,0,0,0,29993,829072,-29060,267,13672,-42465,-783958,0,0,-783958
28-01-2021,FII,76900,47402,643353,490185,122564,188953,88995,94724,7789,10524,21263,11989,1050083,754558,29498,33569,94229,-31162,153168,-13474,-1465,141159
28-01-2021,Pro,13047,16885,137054,51237,122287,137290,165209,131786,38905,90479,134882,32270,539062,532269,-3838,-42922,5504,-52264,85817,-95977,58209,-68369
28-01-2021,TOTAL,208239,208239,1483919,1483919,651355,761424,651355,761424,299156,173659,299156,173659,3577752,3577752,0,0,0,0,0,0,0,0
28-02-2020,Client,197548,81942,761747,152364,630894,366861,582876,623699,177849,65954,113921,103364,2200853,1658166,115606,48018,-256838,420462,609383,63928,-37410,710721
28-02-2020,DII,35677,11143,35827,1055260,18651,74975,0,0,0,0,277,0,165130,1066680,24534,18651,74975,-31790,-1019433,-277,0,-1019710
28-02-2020,FII,25870,182131,857083,560200,136274,285197,88096,94024,10036,8851,9627,7172,1323311,941250,-156261,48178,191173,-299256,296883,409,1679,295613
28-02-2020,Pro,29710,13589,162730,49563,129163,149013,244010,158323,24284,67973,88344,32242,562873,586071,16121,-114847,-9310,-89416,113167,-64060,35731,13376
28-02-2020,TOTAL,288805,288805,1817387,1817387,914982,876046,914982,876046,212169,142778,212169,142778,4252167,4252167,0,0,0,0,0,0,0,0
28-04-2020,Client,88124,126399,374116,188752,414780,604620,415771,649609,211811,136129,161025,109100,1829580,1650656,-38275,-991,-44989,5723,185364,50786,27029,209121
28-04-2020,DII,17097,4805,50847,796484,4584,59139,0,0,0,0,2680,0,131667,803969,12292,4584,59139,-42263,-745637,-2680,0,-748317
28-04-2020,FII,88171,63627,1020546,477697,142992,190233,93793,131359,7490,13114,12772,8899,1462546,788147,24544,49199,58874,14869,542849,-5282,4215,533352
28-04-2020,Pro,26600,25161,151885,134461,126202,140726,178994,213750,78757,57056,121581,88300,581226,762247,1439,-52792,-73024,21671,17424,-42824,-31244,5844
28-04-2020,TOTAL,219992,219992,1597394,1597394,688558,994718,688558,994718,298058,206299,298058,206299,4005019,4005019,0,0,0,0,0,0,0,0
28-04-2021,Client,172005,158813,859837,257897,855888,1474993,924075,1415256,485299,225365,329563,247421,4073387,3333025,13192,-68187,59737,-114732,601940,155736,-22056,779732
28-04-2021,DII,1354,46679,44702,904803,267,25200,0,0,0,0,29202,0,71523,980684,-45325,267,25200,-70258,-860101,-29202,0,-889303
28-04-2021,FII,95886,48577,688986,507890,296509,407909,169102,288955,43491,43827,60648,44730,1576608,1119902,47309,127407,118954,55762,181096,-17157,-903,164842
28-04-2021,Pro,21720,36896,172694,95629,312349,334897,371836,538788,143638,166972,253015,144013,1152270,1440177,-15176,-59487,-203891,129228,77065,-109377,22959,-55271
28-04-2021,TOTAL,290965,290965,1766219,1766219,1465013,2242999,1465013,2242999,672428,436164,672428,436164,6873788,6873788,0,0,0,0,0,0,0,0
28-05-2020,Client,82633,116109,419908,166675,239360,380953,286420,464737,103697,54075,81999,60742,1280626,1176682,-33476,-47060,-83784,3248,253233,21698,-6667,281598
28-05-2020,DII,32148,7386,39087,915775,4584,62130,0,0,0,0,0,0,137949,923161,24762,4584,62130,-32784,-876688,0,0,-876688
28-05-2020,FII,76558,44561,1035381,489277,125231,159482,78479,89255,1831,4137,5662,7459,1402620,714693,31997,46752,70227,8522,546104,-3831,-3322,545595
28-05-2020,Pro,14346,37629,121778,44427,93400,79888,97676,128461,40306,43357,58173,33368,393075,399734,-23283,-4276,-48573,21014,77351,-17867,9989,49495
28-05-2020,TOTAL,205685,205685,1616154,1616154,462575,682453,462575,682453,145834,101569,145834,101569,3214270,3214270,0,0,0,0,0,0,0,0
28-05-2021,Client,106141,142409,1049280,150661,804014,807644,858424,960594,461460,142371,282875,228529,3370910,2623492,-36268,-54410,-152950,62272,898619,178585,-86158,1163362
28-05-2021,DII,1835,44640,30615,1082550,267,45800,0,0,0,0,10645,0,78517,1137835,-42805,267,45800,-88338,-1051935,-10645,0,-1062580
28-05-2021,FII,107331,15169,713594,688546,229504,294883,132616,163783,30510,26317,43235,28283,1402139,1071632,92162,96888,131100,57950,25048,-12725,-1966,14289
28-05-2021,Pro,10490,23579,208848,80580,290263,281871,333008,305821,92653,157896,247868,69772,1042021,1060628,-13089,-42745,-23950,-31884,128268,-155215,88124,-115071
28-05-2021,TOTAL,225797,225797,2002337,2002337,1324048,1430198,1324048,1430198,584623,326584,584623,326584,5893587,5893587,0,0,0,0,0,0,0,0
28-06-2021,Client,154963,173721,1131733,158537,1224282,1089588,1272638,1287198,571385,183597,361556,306260,4355548,3559910,-18758,-48356,-197610,130496,973196,209829,-122663,1305688
28-06-2021,DII,2112,56757,19822,1130063,401,20878,0,0,0,0,23759,0,43213,1210579,-54645,401,20878,-75122,-1110241,-23759,0,-1134000
28-06-2021,FII,98981,28166,667808,681925,270901,304125,172830,172375,32426,37515,49926,26384,1411756,1131606,70815,98071,131750,37136,-14117,-17500,11131,-42748
28-06-2021,Pro,25099,22511,233793,82631,381402,391112,431517,346129,110743,185616,279313,74084,1327764,1236185,2588,-50115,44983,-92510,151162,-168570,111532,-128940
28-06-2021,TOTAL,281155,281155,2053156,2053156,1876985,1805702,1876985,1805702,714554,406728,714554,406728,7138280,7138280,0,0,0,0,0,0,0,0
28-07-2020,Client,110211,122568,498531,188569,686029,891837,644481,957322,424744,203002,290091,201885,2814354,2404916,-12357,41548,-65485,94676,309962,134653,1117,443498
28-07-2020,DII,10480,36394,33122,794036,267,53682,0,0,30,0,7630,0,97581,838060,-25914,267,53682,-79329,-760914,-7600,0,-768514
28-07-2020,FII,83085,61713,858353,449750,203001,274159,147497,199262,15726,17154,29020,13624,1451478,900866,21372,55504,74897,1979,408603,-13294,3530,391779
28-07-2020,Pro,41610,24711,171923,129574,189230,261914,286549,325008,129627,125840,243386,130487,920144,1139715,16899,-97319,-63094,-17326,42349,-113759,-4647,-66763
28-07-2020,TOTAL,245386,245386,1561929,1561929,1078527,1481592,1078527,1481592,570127,345996,570127,345996,5283557,5283557,0,0,0,0,0,0,0,0
28-08-2020,Client,101091,130573,547799,161680,461500,787700,512567,838867,240376,88352,160205,131711,2226818,1935603,-29482,-51067,-51167,-29382,386119,80171,-43359,509649
28-08-2020,DII,9162,35621,28036,719585,267,41812,0,0,0,0,420,0,79277,755626,-26459,267,41812,-68004,-691549,-420,0,-691969
28-08-2020,FII,105425,31118,725142,497314,167307,250053,91704,152958,11201,13152,13665,7853,1272280,794612,74307,75603,97095,52815,227828,-2464,5299,220065
28-08-2020,Pro,16581,34947,138700,61098,189688,208409,214491,296149,64554,88923,141841,50863,706855,799389,-18366,-24803,-87740,44571,77602,-77287,38060,-37745
28-08-2020,TOTAL,232259,232259,1439677,1439677,818762,1287974,818762,1287974,316131,190427,316131,190427,4285230,4285230,0,0,0,0,0,0,0,0
28-09-2020,Client,101391,95331,581898,124939,669973,835878,678824,931541,240374,87391,154982,134508,2516905,2120125,6060,-8851,-95663,92872,456959,85392,-47117,589468
28-09-2020,DII,1853,26898,30410,749621,267,29682,0,0,0,0,0,0,62212,776519,-25045,267,29682,-54460,-719211,0,0,-719211
28-09-2020,FII,56644,40573,645598,459738,210048,289047,115505,157659,8198,14851,13324,13326,1224386,800125,16071,94543,131388,-20774,185860,-5126,1525,179209
28-09-2020,Pro,26992,24078,131434,55042,203202,200274,289161,265681,49645,90647,129911,45055,702194,808928,2914,-85959,-65407,-17638,76392,-80266,45592,-49466
28-09-2020,TOTAL,186880,186880,1389340,1389340,1083490,1354881,1083490,1354881,298217,192889,298217,192889,4505697,4505697,0,0,0,0,0,0,0,0
28-10-2020,Client,130467,111846,603967,181300,1097195,977054,946383,1100552,435842,153142,280698,192060,3397667,2812839,18621,150812,-123498,292931,422667,155144,-38918,616729
28-10-2020,DII,1779,33391,35681,738040,267,40965,0,0,0,0,575,0,78692,772006,-31612,267,40965,-72310,-702359,-575,0,-702934
28-10-2020,FII,76294,85687,650293,448701,231030,382787,173801,266264,18610,19815,25005,18101,1378829,1017559,-9393,57229,116523,-68687,201592,-6395,1714,193483
28-10-2020,Pro,48292,25908,167865,89765,227526,271926,435834,305916,101860,136655,250034,99451,954124,1206908,22384,-208308,-33990,-151934,78100,-148174,37204,-107278
28-10-2020,TOTAL,256832,256832,1457806,1457806,1556018,1672732,1556018,1672732,556312,309612,556312,309612,5809312,5809312,0,0,0,0,0,0,0,0
28-12-2020,Client,113295,134215,663447,174560,704702,1088408,703304,1177609,512782,220685,348216,240884,3303319,2778788,-20920,1398,-89201,69679,488887,164566,-20199,673652
28-12-2020,DII,2824,46126,26341,738947,367,54088,0,0,540,0,3169,0,84160,788242,-43302,367,54088,-97023,-712606,-2629,0,-715235
28-12-2020,FII,120351,57199,714621,553582,229918,308046,156744,205185,20227,28091,28961,26801,1421254,1028472,63152,73174,102861,33465,161039,-8734,1290,151015
28-12-2020,Pro,27820,26750,173099,110419,203137,259315,278076,327063,122213,147619,275416,128710,933203,1146434,1070,-74939,-67748,-6121,62680,-153203,18909,-109432
28-12-2020,TOTAL,264290,264290,1577508,1577508,1138124,1709857,1138124,1709857,655762,396395,655762,396395,5741936,5741936,0,0,0,0,0,0,0,0
29-01-2020,Client,129399,101316,789100,190124,827103,556102,711239,817054,311018,129572,223267,157661,2742294,2200661,28083,115864,-260952,404899,598976,87751,-28089,714816
29-01-2020,DII,38125,21537,34840,1119792,4317,68895,0,0,0,0,452,0,146177,1141781,16588,4317,68895,-47990,-1084952,-452,0,-1085404
29-01-2020,FII,96569,145131,1016093,596924,197210,367176,149269,143948,13491,22530,21877,10784,1713069,1067933,-48562,47941,223228,-223849,419169,-8386,11746,399037
29-01-2020,Pro,28502,24611,186278,119471,150668,189029,318790,220200,83174,91622,162087,75279,729273,920438,3891,-168122,-31171,-133060,66807,-78913,16343,-28449
29-01-2020,TOTAL,292595,292595,2026311,2026311,1179298,1181202,1179298,1181202,407683,243724,407683,243724,5330813,5330813,0,0,0,0,0,0,0,0
29-01-2021,Client,113733,106565,703577,136807,649419,558317,614767,679457,328827,90841,187159,156919,2444714,1881674,7168,34652,-121140,162960,566770,141668,-66078,774516
29-01-2021,DII,1013,31367,17075,818524,267,13030,0,0,0,0,0,0,31385,849891,-30354,267,13030,-43117,-801449,0,0,-801449
29-01-2021,FII,73471,43841,646483,495974,197925,232784,156094,126460,18348,17799,34699,18760,1186810,875828,29630,41831,106324,-34863,150509,-16351,-961,135119
29-01-2021,Pro,14522,20966,145143,60973,217290,201568,294040,199782,50907,108645,176224,41606,738075,793591,-6444,-76750,1786,-84980,84170,-125317,67039,-108186
29-01-2021,TOTAL,202739,202739,1512278,1512278,1064901,1005699,1064901,1005699,398082,217285,398082,217285,4400984,4400984,0,0,0,0,0,0,0,0
29-04-2020,Client,75036,125227,354333,177033,452916,666071,424233,703363,186874,125367,146582,98962,1860597,1675400,-50191,28683,-37292,15784,177300,40292,26405,191187
29-04-2020,DII,21177,4515,50961,798912,4584,59809,0,0,53,0,2680,0,136584,806107,16662,4584,59809,-38563,-747951,-2627,0,-750578
29-04-2020,FII,85330,62573,1019478,463745,148346,199611,95668,137783,6515,11400,10275,8024,1470680,778068,22757,52678,61828,13607,555733,-3760,3376,548597
29-04-2020,Pro,32662,21890,125804,110886,125533,172590,211478,256935,81460,59328,115365,89109,597377,805663,10772,-85945,-84345,9172,14918,-33905,-29781,10794
29-04-2020,TOTAL,214205,214205,1550576,1550576,731379,1098081,731379,1098081,274902,196095,274902,196095,4065238,4065238,0,0,0,0,0,0,0,0
29-04-2021,Client,106220,112652,722400,142684,422570,544279,453843,635671,223532,90088,145799,132392,2109089,1623041,-6432,-31273,-91392,53687,579716,77733,-42304,699753
29-04-2021,DII,1183,39699,24209,873518,267,20126,0,0,0,0,3634,0,45785,916851,-38516,267,20126,-58375,-849309,-3634,0,-852943
29-04-2021,FII,73637,20710,622015,433696,150276,223800,87161,125741,12705,15507,17802,16317,1097940,701427,52927,63115,98059,17983,188319,-5097,-810,184032
29-04-2021,Pro,11629,19608,137507,56233,116058,141803,148167,168596,51501,87913,120503,44799,546411,557906,-7979,-32109,-26793,-13295,81274,-69002,43114,-30842
29-04-2021,TOTAL,192669,192669,1506131,1506131,689171,930008,689171,930008,287738,193508,287738,193508,3799225,3799225,0,0,0,0,0,0,0,0
29-05-2020,Client,97773,117801,429366,176203,312113,532930,369548,596904,130881,70771,105978,78023,1573834,1444457,-20028,-57435,-63974,-13489,253163,24903,-7252,285318
29-05-2020,DII,38098,10206,55837,952801,4584,66963,0,0,0,0,104,0,165482,963111,27892,4584,66963,-34487,-896964,-104,0,-897068
29-05-2020,FII,65349,43647,1054980,486850,145948,180042,92538,111673,5013,9427,9828,11491,1460759,756027,21702,53410,68369,6743,568130,-4815,-2064,565379
29-05-2020,Pro,15289,44855,131467,55796,126802,123171,127361,194529,55190,55500,75174,46184,507419,543899,-29566,-559,-71358,41233,75671,-19984,9316,46371
29-05-2020,TOTAL,216509,216509,1671650,1671650,589447,903106,589447,903106,191084,135698,191084,135698,3707494,3707494,0,0,0,0,0,0,0,0
29-06-2020,Client,140975,100307,432127,222274,616146,625119,587376,675864,206114,78384,140871,103703,2098865,1830395,40668,28770,-50745,120183,209853,65243,-25319,300415
29-06-2020,DII,15830,19345,31350,808484,267,33670,0,0,0,0,2942,0,81117,830771,-3515,267,33670,-36918,-777134,-2942,0,-780076
29-06-2020,FII,31574,67478,899899,388301,153510,191828,134126,120046,11246,13195,21900,15283,1301252,747134,-35904,19384,71782,-88302,511598,-10654,-2088,503032
29-06-2020,Pro,24599,25848,117267,61584,180424,205232,228845,259939,58493,77153,110140,49746,663168,736102,-1249,-48421,-54707,5037,55683,-51647,27407,-23371
29-06-2020,TOTAL,212978,212978,1480643,1480643,950347,1055849,950347,1055849,275853,168732,275853,168732,4144402,4144402,0,0,0,0,0,0,0,0
29-06-2021,Client,162709,174704,1158001,167408,1548586,1072962,1541155,1346423,640100,192705,393372,333299,4775063,3956361,-11995,7431,-273461,268897,990593,246728,-140594,1377915
29-06-2021,DII,2053,57275,20217,1145692,401,20378,0,0,0,0,34584,0,43049,1237551,-55222,401,20378,-75199,-1125475,-34584,0,-1160059
29-06-2021,FII,85083,30335,665807,697854,330193,358075,227206,183467,35625,41260,57263,29154,1516043,1225279,54748,102987,174608,-16873,-32047,-21638,12106,-65791
29-06-2021,Pro,32820,20351,246796,79867,459407,455674,570226,377198,118785,207959,309291,79471,1521441,1436404,12469,-110819,78476,-176826,166929,-190506,128488,-152065
29-06-2021,TOTAL,282665,282665,2090821,2090821,2338587,1907088,2338587,1907088,794510,441924,794510,441924,7855595,7855595,0,0,0,0,0,0,0,0
29-07-2020,Client,97607,119495,478952,156399,899920,857574,770312,976818,361596,175473,249936,185148,2871122,2458108,-21888,129608,-119244,226964,322553,111660,-9675,443888
29-07-2020,DII,10480,36618,33135,796074,267,57192,0,0,33,0,7630,0,101107,840322,-26138,267,57192,-83063,-762939,-7597,0,-770536
29-07-2020,FII,95107,83542,846107,441228,209683,283050,165962,187746,12885,15573,25894,12849,1462405,917221,11565,43721,95304,-40018,404879,-13009,2724,389146
29-07-2020,Pro,58204,21743,151629,116122,217589,283815,391185,317067,128090,129217,219144,122266,968544,1187527,36461,-173596,-33252,-103883,35507,-91054,6951,-62498
29-07-2020,TOTAL,261398,261398,1509823,1509823,1327459,1481631,1327459,1481631,502604,320263,502604,320263,5403178,5403178,0,0,0,0,0,0,0,0
29-09-2020,Client,105483,95653,590086,137366,834315,846978,800422,946797,270450,93019,170071,143667,2740331,2293976,9830,33893,-99819,143542,452720,100379,-50648,603747
29-09-2020,DII,1853,28013,30662,749514,267,36389,0,0,0,0,0,0,69171,777527,-26160,267,36389,-62282,-718852,0,0,-718852
29-09-2020,FII,53395,48437,653870,465267,208572,287685,124148,162193,9080,16218,15114,13656,1228820,828815,4958,84424,125492,-36110,188603,-6034,2562,180007
29-09-2020,Pro,30040,18668,138373,60844,211165,218397,329749,280459,52932,96457,147277,48371,747364,885368,11372,-118584,-62062,-45150,77529,-94345,48086,-64902
29-09-2020,TOTAL,190771,190771,1412991,1412991,1254319,1389449,1254319,1389449,332462,205694,332462,205694,4785686,4785686,0,0,0,0,0,0,0,0
29-10-2020,Client,136177,94292,586201,176788,356429,438731,381054,593186,197587,59558,119400,104551,1774683,1469271,41885,-24625,-154455,171715,409413,78187,-44993,532593
29-10-2020,DII,1749,32593,20711,739656,267,29163,0,0,0,0,0,0,51890,772249,-30844,267,29163,-59740,-718945,0,0,-718945
29-10-2020,FII,49970,62218,645052,422713,113822,226497,64127,120232,3496,6397,7349,7877,1045234,684516,-12248,49695,106265,-68818,222339,-3853,-1480,219966
29-10-2020,Pro,19046,17839,131888,44695,126718,161015,152055,141988,36895,77553,111229,31080,553115,498886,1207,-25337,19027,-43157,87193,-74334,46473,-33614
29-10-2020,TOTAL,206942,206942,1383852,1383852,597236,855406,597236,855406,237978,143508,237978,143508,3424922,3424922,0,0,0,0,0,0,0,0
29-12-2020,Client,109228,134108,671936,165524,805938,1179648,779596,1268764,492606,221035,337260,241498,3480391,2926750,-24880,26342,-89116,90578,506412,155346,-20463,682221
29-12-2020,DII,2994,46141,25555,740850,367,52537,0,0,540,0,3169,0,81993,790160,-43147,367,52537,-95317,-715295,-2629,0,-717924
29-12-2020,FII,119224,59066,707229,556562,263590,332339,190705,228840,18730,26705,30197,27218,1467817,1092588,60158,72885,103499,29544,150667,-11467,-513,139713
29-12-2020,Pro,37146,29277,171393,113177,234068,303114,333662,370034,124242,148772,265492,127796,1018735,1239438,7869,-99594,-66920,-24805,58216,-141250,20976,-104010
29-12-2020,TOTAL,268592,268592,1576113,1576113,1303963,1867638,1303963,1867638,636118,396512,636118,396512,6048936,6048936,0,0,0,0,0,0,0,0
30-01-2020,Client,132047,73608,758265,166742,339517,256440,345887,473660,127791,52715,92557,82025,1666775,1234479,58439,-6370,-217220,269289,591523,35234,-29310,656067
30-01-2020,DII,34239,18515,18574,1033226,4317,70375,0,0,0,0,0,0,127505,1051741,15724,4317,70375,-50334,-1014652,0,0,-1014652
30-01-2020,FII,20298,95740,867760,518085,115839,222172,72737,78418,2037,5376,3309,4612,1233482,772901,-75442,43102,143754,-176094,349675,-1272,764,347639
30-01-2020,Pro,18527,17248,137806,64352,83838,103717,124887,100626,26165,50355,60127,21809,420408,389049,1279,-41049,3091,-42861,73454,-33962,28546,10946
30-01-2020,TOTAL,205111,205111,1782405,1782405,543511,652704,543511,652704,155993,108446,155993,108446,3448170,3448170,0,0,0,0,0,0,0,0
30-03-2020,Client,105733,91671,317247,128064,438195,346748,410849,426151,62024,35626,57021,35452,1305573,1149208,14062,27346,-79403,120811,189183,5003,174,194012
30-03-2020,DII,53902,2902,42429,786153,4317,62481,0,0,0,0,522,0,163129,789577,51000,4317,62481,-7164,-743724,-522,0,-744246
30-03-2020,FII,34073,99754,936295,392512,123135,158671,93154,98475,2820,4336,2020,3987,1259330,689902,-65681,29981,60196,-95896,543783,800,349,544234
30-03-2020,Pro,18227,17608,68517,57759,80098,64518,141742,107792,25597,23752,30878,24275,280709,380054,619,-61644,-43274,-17751,10758,-5281,-523,6000
30-03-2020,TOTAL,211935,211935,1364488,1364488,645745,632418,645745,632418,90441,63714,90441,63714,3008741,3008741,0,0,0,0,0,0,0,0
30-03-2021,Client,161302,178558,714053,111116,784942,964162,829120,1029659,273640,108798,177250,164419,3006897,2490122,-17256,-44178,-65497,4063,602937,96390,-55621,754948
30-03-2021,DII,1398,27913,20996,870644,267,7175,0,0,0,11,2273,0,29847,900830,-26515,267,7175,-33423,-849648,-2273,11,-851932
30-03-2021,FII,81529,25261,618491,457393,184368,270355,123556,173869,21168,23960,28312,23153,1199871,831544,56268,60812,96486,20594,161098,-7144,807,153147
30-03-2021,Pro,20051,32548,152067,66454,347825,347754,364726,385918,70735,107101,157708,52298,1045533,1059652,-12497,-16901,-38164,8766,85613,-86973,54803,-56163
30-03-2021,TOTAL,264280,264280,1505607,1505607,1317402,1589446,1317402,1589446,365543,239870,365543,239870,5282148,5282148,0,0,0,0,0,0,0,0
30-04-2020,Client,75444,112147,315997,168328,222524,351095,237640,431251,88675,57721,77771,50224,1111456,1077361,-36703,-15116,-80156,28337,147669,10904,7497,151076
30-04-2020,DII,23731,4512,36833,787518,4584,59407,0,0,0,0,0,0,124555,792030,19219,4584,59407,-35604,-750685,0,0,-750685
30-04-2020,FII,69523,38385,1005085,426941,92875,147237,66315,92848,2128,4304,3404,4565,1321152,632458,31138,26560,54389,3309,578144,-1276,-261,577129
30-04-2020,Pro,9706,23360,80288,55416,62145,95902,78173,129542,37958,31102,47586,38338,317101,372415,-13654,-16028,-33640,3958,24872,-9628,-7236,22480
30-04-2020,TOTAL,178404,178404,1438203,1438203,382128,653641,382128,653641,128761,93127,128761,93127,2874264,2874264,0,0,0,0,0,0,0,0
30-06-2020,Client,141661,106501,435258,225851,701021,638008,656170,705247,225449,84631,153340,110907,2226028,1958016,35160,44851,-67239,147250,209407,72109,-26276,307792
30-06-2020,DII,19680,16002,33008,824232,267,37011,0,0,0,0,2942,0,89966,843176,3678,267,37011,-33066,-791224,-2942,0,-794166
30-06-2020,FII,34855,65206,914987,397297,163173,211135,140150,126098,12396,14221,24528,15346,1350767,768625,-30351,23023,85037,-92365,517690,-12132,-1125,506683
30-06-2020,Pro,23164,31651,122337,58210,208419,204752,276560,259561,60714,80756,117749,53355,700142,797086,-8487,-68141,-54809,-21819,64127,-57035,27401,-20309
30-06-2020,TOTAL,219360,219360,1505590,1505590,1072880,1090906,1072880,1090906,298559,179608,298559,179608,4366903,4366903,0,0,0,0,0,0,0,0
30-06-2021,Client,161800,184114,1162902,164182,1658243,1117852,1643110,1402395,680039,200560,417570,346593,4981396,4157964,-22314,15133,-284543,277362,998720,262469,-146033,1407222
30-06-2021,DII,2063,57794,22205,1153941,401,21684,0,0,0,0,43157,0,46353,1254892,-55731,401,21684,-77014,-1131736,-43157,0,-1174893
30-06-2021,FII,91057,30603,668057,710755,330269,350707,223587,178578,39078,43344,62251,31672,1522512,1237446,60454,106682,172129,-4993,-42698,-23173,11672,-77543
30-06-2021,Pro,40205,22614,249022,73308,454383,479696,576598,388966,124823,218984,320962,84623,1567113,1467071,17591,-122215,90730,-195354,175714,-196139,134361,-154786
30-06-2021,TOTAL,295125,295125,2102186,2102186,2443295,1969939,2443295,1969939,843940,462888,843940,462888,8117372,8117372,0,0,0,0,0,0,0,0
30-07-2020,Client,94251,108883,462816,150996,419643,464137,414314,556815,177762,70257,116961,97216,1688866,1445185,-14632,5329,-92678,83375,311820,60801,-26959,399580
30-07-2020,DII,10683,34619,21765,763022,267,40770,0,0,0,0,38,0,73485,797679,-23936,267,40770,-64439,-741257,-38,0,-741295
30-07-2020,FII,76691,38966,793061,415942,122527,178470,80656,116355,3136,6034,7272,5670,1179919,664861,37725,41871,62115,17481,377119,-4136,364,372619
30-07-2020,Pro,21628,20785,115901,63583,127383,154879,174850,165086,43530,66714,100157,40119,530035,564580,843,-47467,-10207,-36417,52318,-56627,26595,-30904
30-07-2020,TOTAL,203253,203253,1393543,1393543,669820,838256,669820,838256,224428,143005,224428,143005,3472305,3472305,0,0,0,0,0,0,0,0
30-09-2020,Client,110385,105643,594228,146759,874226,999632,848277,1056471,296306,100716,185911,149109,2975493,2492170,4742,25949,-56839,87530,447469,110395,-48393,606257
30-09-2020,DII,2365,27964,30112,751889,267,40784,0,0,0,0,0,0,73528,779853,-25599,267,40784,-66116,-721777,0,0,-721777
30-09-2020,FII,60836,46900,656244,460898,225610,300369,125765,189811,10255,17261,16172,14332,1270575,853878,13936,99845,110558,3223,195346,-5917,2929,186500
30-09-2020,Pro,28882,21961,141656,62694,229650,262525,355711,357028,55123,98345,159601,52881,816181,1009876,6921,-126061,-94503,-24637,78962,-104478,45464,-70980
30-09-2020,TOTAL,202468,202468,1422240,1422240,1329753,1603310,1329753,1603310,361684,216322,361684,216322,5135777,5135777,0,0,0,0,0,0,0,0
30-10-2020,Client,150629,93644,631643,197827,542371,569276,552460,728605,262573,76560,158194,128514,2233052,1859244,56985,-10089,-159329,206225,433816,104379,-51954,590149
30-10-2020,DII,1820,31381,22316,792413,267,29163,0,0,0,0,0,0,53566,823794,-29561,267,29163,-58457,-770097,0,0,-770097
30-10-2020,FII,51747,77143,703023,460257,160711,266823,116316,152975,7389,11757,13130,10199,1201450,830020,-25396,44395,113848,-94849,242766,-5741,1558,235467
30-10-2020,Pro,22776,24804,146607,53092,174175,220223,208748,203905,47278,91023,145916,40627,702082,677092,-2028,-34573,16318,-52919,93515,-98638,50396,-55519
30-10-2020,TOTAL,226972,226972,1503589,1503589,877524,1085485,877524,1085485,317240,179340,317240,179340,4190150,4190150,0,0,0,0,0,0,0,0
30-12-2020,Client,112267,138887,678214,159423,927373,1294057,892925,1371607,421237,199271,296318,226794,3632419,3085954,-26620,34448,-77550,85378,518791,124919,-27523,671233
30-12-2020,DII,2931,48047,24770,755938,367,54527,0,0,471,0,3169,0,83066,807154,-45116,367,54527,-99276,-731168,-2698,0,-733866
30-12-2020,FII,130748,75473,698257,545072,296529,355636,202783,242183,16458,24822,27974,26461,1522450,1119946,55275,93746,113453,35568,153185,-11516,-1639,143308
30-12-2020,Pro,44766,28305,165595,106403,259087,321891,387648,412321,123407,152586,234112,123424,1067332,1292213,16461,-128561,-90430,-21670,59192,-110705,29162,-80675
30-12-2020,TOTAL,290712,290712,1566836,1566836,1483356,2026111,1483356,2026111,561573,376679,561573,376679,6305267,6305267,0,0,0,0,0,0,0,0
31-01-2020,Client,130469,65217,775632,153138,563386,363533,515012,581067,169819,65833,121296,98410,2068672,1534140,65252,48374,-217534,331160,622494,48523,-32577,703594
31-01-2020,DII,40449,13456,24356,1054686,4317,72059,0,0,0,0,35,0,141181,1068177,26993,4317,72059,-40749,-1030330,-35,0,-1030365
31-01-2020,FII,22566,123929,896066,572115,136987,246651,88006,92108,8003,11040,10462,8313,1321313,894933,-101363,48981,154543,-206925,323951,-2459,2727,318765
31-01-2020,Pro,21383,12265,149211,65326,115874,137380,217546,146448,31211,57930,77240,28080,512989,546905,9118,-101672,-9068,-83486,83885,-46029,29850,8006
31-01-2020,TOTAL,214867,214867,1845265,1845265,820564,819623,820564,819623,209033,134803,209033,134803,4044155,4044155,0,0,0,0,0,0,0,0
31-03-2020,Client,91697,101370,319583,124882,456723,422824,413995,484590,68915,44139,65322,40117,1403881,1230276,-9673,42728,-61766,94821,194701,3593,4022,194272
31-03-2020,DII,60061,4781,47863,831673,4317,62561,0,0,0,0,661,0,174802,837115,55280,4317,62561,-2964,-783810,-661,0,-784471
31-03-2020,FII,40754,82993,955025,388505,130108,154160,90169,99086,3261,4278,2173,4092,1287586,667018,-42239,39939,55074,-57374,566520,1088,186,567422
31-03-2020,Pro,15252,18620,71209,48620,78424,76199,165408,132068,30557,25048,34577,29256,296689,428549,-3368,-86984,-55869,-34483,22589,-4020,-4208,22777
31-03-2020,TOTAL,207764,207764,1393680,1393680,669572,715744,669572,715744,102733,73465,102733,73465,3162958,3162958,0,0,0,0,0,0,0,0
31-03-2021,Client,198840,195719,830764,202386,1165789,1029444,1107702,1172812,326394,127325,212396,188108,3678556,3079123,3121,58087,-143368,204576,628378,113998,-60783,803159
31-03-2021,DII,1358,26300,20104,863107,267,7362,0,0,0,11,2297,0,29102,891704,-24942,267,7362,-32037,-843003,-2297,11,-845311
31-03-2021,FII,72869,49295,599613,472317,258256,336493,214035,181765,21974,25241,30621,25475,1314446,973508,23574,44221,154728,-86933,127296,-8647,-234,118883
31-03-2021,Pro,26669,28422,156774,69445,349986,362662,452561,381384,71660,117096,174714,56090,1084847,1162616,-1753,-102575,-18722,-85606,87329,-103054,61006,-76731
31-03-2021,TOTAL,299736,299736,1607255,1607255,1774298,1735961,1774298,1735961,420028,269673,420028,269673,6106951,6106951,0,0,0,0,0,0,0,0
31-05-2021,Client,111395,144947,1049661,163578,880330,1113392,978563,1226124,538359,168197,327520,253057,3861334,3093789,-33552,-98233,-112732,-19053,886083,210839,-84860,1181782
31-05-2021,DII,2263,44549,31285,1078829,267,47812,0,0,0,0,23439,0,81627,1146817,-42286,267,47812,-89831,-1047544,-23439,0,-1070983
31-05-2021,FII,101638,15794,716399,698158,242586,325528,127026,190384,38712,31879,53241,34088,1456742,1118691,85844,115560,135144,66260,18241,-14529,-2209,5921
31-05-2021,Pro,14077,24083,219153,75933,342013,350588,359607,420812,115115,171952,287986,84883,1212898,1253304,-10006,-17594,-70224,42624,143220,-172871,87069,-116720
31-05-2021,TOTAL,229373,229373,2016498,2016498,1465196,1837320,1465196,1837320,692186,372028,692186,372028,6612601,6612601,0,0,0,0,0,0,0,0
31-07-2020,Client,91959,107578,480276,150508,605494,606497,591813,699322,230288,89396,152605,120506,2103910,1822332,-15619,13681,-92825,90887,329768,77683,-31110,438561
31-07-2020,DII,13183,32369,28424,777058,267,41516,0,0,0,0,1118,0,83390,810545,-19186,267,41516,-60435,-748634,-1118,0,-749752
31-07-2020,FII,78777,40058,798455,429309,148391,200439,108719,131276,9851,14139,13951,9644,1250052,732957,38719,39672,69163,9228,369146,-4100,4495,360551
31-07-2020,Pro,19915,23829,120234,70514,180291,194921,233911,212775,54241,79511,126706,52896,649113,720631,-3914,-53620,-17854,-39680,49720,-72465,26615,-49360
31-07-2020,TOTAL,203834,203834,1427389,1427389,934443,1043373,934443,1043373,294380,183046,294380,183046,4086465,4086465,0,0,0,0,0,0,0,0
31-08-2020,Client,103015,103179,542679,140878,778461,625394,675583,770710,309821,82841,185591,151713,2442211,2027654,-164,102878,-145316,248030,401801,124230,-68872,594903
31-08-2020,DII,9142,35781,28724,728800,267,41601,0,0,0,0,1675,0,79734,766256,-26639,267,41601,-67973,-700076,-1675,0,-701751
31-08-2020,FII,80807,58440,707500,503058,172833,277257,128706,155722,15032,17137,19372,9492,1270566,874790,22367,44127,121535,-55041,204442,-4340,7645,192457
31-08-2020,Pro,25687,21251,154278,60445,219541,218869,366813,236689,64157,114158,182372,52931,796690,920501,4436,-147272,-17820,-125016,93833,-118215,61227,-85609
31-08-2020,TOTAL,218651,218651,1433181,1433181,1171102,1163121,1171102,1163121,389010,214136,389010,214136,4589201,4589201,0,0,0,0,0,0,0,0
31-12-2020,Client,107079,124169,653719,149163,427586,579923,436741,639214,233849,69996,140717,121352,2072152,1611356,-17090,-9155,-59291,33046,504556,93132,-51356,649044
31-12-2020,DII,1691,46888,16052,748635,367,12161,0,0,267,0,0,0,30538,795523,-45197,367,12161,-56991,-732583,267,0,-732316
31-12-2020,FII,102556,33034,656641,512608,102551,155413,58349,111350,5941,9789,14629,11324,1032891,741294,69522,44202,44063,69661,144033,-8688,-1535,136880
31-12-2020,Pro,17106,24341,144664,60670,134541,157716,169955,154649,48479,89690,133190,36799,592196,579604,-7235,-35414,3067,-45716,83994,-84711,52891,-53608
31-12-2020,TOTAL,228432,228432,1471076,1471076,665045,905213,665045,905213,288536,169475,288536,169475,3727777,3727777,0,0,0,0,0,0,0,0
